time	MetEireann	Belturbet	Clones
3	8.9	8.523333333	6.8
6	9	8.355	7.4
9	9.3	8.436666667	8.4
12	11.5	10.43666667	11
15	12.5	11.655	11.3
18	13.5	12.72333333	11.8
21	10.8	11.415	9.1
24	6.6	7.798333333	9.2
27	4.1	5.118333333	8.8
30	3.8	4.381666667	5.8
33	4	3.548333333	5.8
36	4.2	3.668333333	7
39	6.3	5.976666667	5.8
42	5.7	5.153333333	4.9
45	5.8	5.158333333	4.4
48	5.6	4.745	5.5
51	5.2	5.206666667	3.9
54	3.4	4.093333333	4.3
57	2.8	4.208333333	6.2
60	2.9	4.325	8
63	5.5	6.125	7.3
66	3.3	4.658333333	4.4
69	-0.9	2.895	2.9
72	-2.3	1.74	2.1
75	1	0.271666667	2
78	2	1.355	0.7
81	3.8	3.053333333	0.8
84	5.2	4.223333333	1.7
87	6.4	5.843333333	3.3
90	5.6	6.398333333	1.4
93	5.6	4.783333333	1
96	6.4	5.363333333	1.3
99	8	6.221666667	2.3
102	8.2	6.856666667	2.7
105	9.2	7.938333333	3
108	10.1	8.795	3
111	10.4	9.896666667	2.6
114	9.8	9.516666667	2
117	9.4	8.925	1.5
120	9.2	8.673333333	1.9
123	8.6	8.031666667	3
126	3.3	5.078333333	2.8
129	2.6	4.033333333	2.6
132	3.9	4.033333333	4.8
135	6.2	5.976666667	5.8
138	4.4	5.21	3
141	4.4	3.855	1.7
144	5.3	4.895	1.4
147	6.4	5.42	1.9
150	7.7	6.871666667	1.4
153	8.8	7.858333333	0.1
156	10.1	9.423333333	2.9
159	11	10.295	4
162	8	10.12166667	2.4
165	7.4	7.963333333	3.1
168	6.9	7.005	5
171	5.8	5.9	6.3
174	5.1	4.72	7.4
177	3.4	3.61	8
180	4.5	3.848333333	9.5
183	5.8	6.001666667	10.1
186	5.7	5.465	10.7
189	6.3	5.935	11.4
192	9.2	7.536666667	12.2
195	9.6	8.705	11.8
198	8	7.971666667	11.7
201	7.3	7.335	9.2
204	7.1	6.763333333	9.1
207	12.8	10.59166667	8.1
210	12.2	12.06	7.3
213	12.5	11.985	4.4
216	12.2	12.03666667	3.8
219	12.3	11.94166667	3
222	7	8.323333333	2.3
225	3.9	4.906666667	3.3
228	2.2	3.273333333	4.5
231	4.1	4.315	4.4
234	2.9	4.103333333	2.3
237	1.9	2.945	1.3
240	1.4	2.098333333	1.1
243	1.4	2.298333333	1
246	3.2	3.078333333	0.6
249	4.8	3.22	0.7
252	6.5	5.318333333	3.2
255	7.1	7.1	5.4
258	6.7	6.828333333	5.9
261	7.4	7.166666667	6.5
264	7	7.15	7.5
267	7.6	7.406666667	7.5
270	9	8.42	7.4
273	6.3	6.773333333	7.2
276	6.1	5.743333333	7.4
279	6.1	6.313333333	7.7
282	4.4	4.86	6.4
285	4.3	4.013333333	6.8
288	3.8	3.453333333	6.1
291	1.5	2.673333333	3.5
294	1.1	1.266666667	3.6
297	1.2	1.386666667	4.2
300	1.2	1.773333333	7.2
303	0.1	2.41	7.6
306	0.1	0.451666667	4.1
309	-0.1	0.523333333	3.7
312	0.3	0.45	3.6
315	-0.5	0.025	3.3
318	0.6	0.301666667	3.1
321	1.1	1.246666667	7.2
324	1.5	1.231666667	6.5
327	6.4	4.805	5.6
330	8.9	7.451666667	5
333	6.1	5.873333333	4
336	5.9	5.505	2.9
339	5.2	4.743333333	3.1
342	4.8	4.116666667	3.6
345	6.3	5.551666667	5.7
348	4.2	4.228333333	7.2
351	4.7	5.326666667	5.8
354	3.8	4.078333333	4.8
357	1.7	3.021666667	4.3
360	1.3	2.875	2.2
363	1	2.148333333	0.3
366	0.2	1.43	0.3
369	0.8	2.188333333	1.4
372	2.8	3.733333333	2.5
375	2	2.356666667	3.6
378	1.8	2.093333333	5.1
381	1.6	1.988333333	5.7
384	1.1	1.706666667	6.3
387	0.7	1.501666667	6.1
390	0.7	1.445	4.9
393	1.6	1.975	5.5
396	3.6	4.106666667	5.7
399	1.5	3.161666667	3.9
402	0.6	1.688333333	3.3
405	-1	0.515	2
408	-1.5	0.343333333	0
411	-0.1	1.483333333	-1.7
414	1.4	1.858333333	-2.4
417	3.5	3.293333333	-0.4
420	4.7	4.613333333	0.8
423	3.3	3.736666667	2.1
426	1.1	2.273333333	1.9
429	-2.2	0.651666667	6.9
432	-2.2	0.088333333	8.8
435	-3.2	-0.935	9.8
438	-4.9	-1.573333333	7.5
441	-2.7	-0.775	5.2
444	0.7	1.335	5.3
447	0.4	1.433333333	3.8
450	0.5	0.806666667	1.7
453	0.5	1.025	2.2
456	0.3	0.411666667	3.5
459	0.9	1.051666667	2.7
462	1.1	1.348333333	2.8
465	2.7	2.188333333	5.3
468	2.9	3.268333333	2.6
471	1.8	3.135	1.6
474	2	2.88	0
477	1.8	2.925	0.8
480	1.1	2.673333333	1
483	-1.7	1.181666667	0.1
486	-1.2	1.131666667	0.4
489	2.9	3.956666667	3.4
492	3.6	5.815	1.9
495	1.1	3.466666667	1.8
498	-0.4	3.07	1.2
501	-2.4	2.005	0.4
504	-2.2	0.253333333	0.7
507	-1.6	0.265	1.2
510	-1.3	3.203333333	2.8
513	3.8	2.483333333	3.5
516	2.3	3.86	1.5
519	1.1	1.81	1.8
522	2.9	0.818333333	1.2
525	3.4	2.055	1.3
528	4.9	3.126666667	0.4
531	5.4	4.401666667	1.8
534	8.5	7.088333333	2.4
537	9.5	8.78	6
540	6.1	7.03	8.2
543	3.5	4.685	8.4
546	2	3.52	9.1
549	1.3	2.753333333	7.7
552	1.6	2.565	5.4
555	1.3	2.07	4.3
558	3.2	3.861666667	7.3
561	5.8	6.11	9
564	5.7	6.533333333	4.9
567	5.3	5.488333333	4.9
570	4.9	4.748333333	2.4
573	5.3	5.051666667	2.4
576	6	5.643333333	2.5
579	6.9	6.103333333	2.7
582	8.6	7.913333333	4.6
585	10.5	10.03666667	5.6
588	9.7	9.846666667	3.4
591	9.6	9.621666667	3
594	7.4	8.278333333	3.4
597	5.6	7.08	3.6
600	4.3	5.62	4
603	4.5	5.068333333	3.6
606	4.9	5.361666667	4.2
609	7.2	7.926666667	5
612	5.6	6.66	5.2
615	5	5.568333333	5.6
618	5	5.651666667	4.6
621	5.4	5.75	3.9
624	5.7	5.915	3.1
627	5.6	6.005	3
630	6.2	6.646666667	4.4
633	7.3	7.253333333	6.1
636	6.9	7.255	2.9
639	6.5	6.503333333	3.1
642	8.1	7.811666667	3.2
645	8.6	8.231666667	4.6
648	7.2	7.668333333	4.1
651	1.7	2.9	4.7
654	1.1	2.41	5.4
657	4	3.731666667	5.4
660	1.4	2.87	5.6
663	1.2	1.94	6
666	0.8	1.728333333	6
669	0.5	1.535	5
672	0.5	1.638333333	3.8
675	0.2	1.091666667	3.6
678	0.9	2.31	5.3
681	1.9	2.963333333	4.3
684	1.5	2.381666667	3
687	2.3	2.68	2.3
690	3.3	3.445	2.5
693	2.7	3.175	3.1
696	4	4.038333333	3.5
699	2.9	3.566666667	4
702	4.3	5.036666667	3.8
705	5	5.78	3.1
708	1.9	3.05	3.1
711	1.8	2.346666667	3.5
714	2.1	1.826666667	3.6
717	2.6	2.375	2.1
720	1.6	1.771666667	1.7
723	1.3	1.115	2
726	2.4	2.245	4.1
729	2.8	4.078333333	3.1
732	1.8	2.025	3
735	0.7	1.538333333	4.4
738	1.1	1.306666667	4
741	0.6	0.546666667	3.4
744	0.4	0.233333333	4.4
747	1.8	1.805	5.9
750	3.8	3.945	5.7
753	2.9	4.22	6.5
756	-0.7	1.805	7.1
759	-1.7	1.593333333	7.3
762	-1.5	0.583333333	8.4
765	-1.5	0.511666667	7.5
768	-1.5	0.635	7.5
771	2.4	3.091666667	12
774	2.5	3.49	9.8
777	-1.4	2.045	8.8
780	-2.6	0.661666667	8.5
783	-3	0.07	7
786	-2.6	0.266666667	5.8
789	-2.9	-0.65	3.4
792	-1.9	0.096666667	3.7
795	1.9	2.578333333	8.6
798	2.3	2.455	6.6
801	0.7	1.411666667	3.7
804	-0.8	0.255	2.2
807	-2.6	-0.935	2.6
810	-2.2	-1.313333333	2.6
813	-3.8	-1.401666667	3.6
816	-2.5	-0.515	6.4
819	3.6	3.278333333	7.5
822	4.2	4.895	8
825	1.2	2.981666667	7.9
828	0.1	2.601666667	8.3
831	0.8	2.873333333	9.3
834	1.1	2.3	9.4
837	0.4	2.451666667	9
840	3.5	4.493333333	9.8
843	7.4	7.156666667	10.4
846	6.2	6.866666667	10.7
849	4.2	5.438333333	10.7
852	4.2	4.62	11.4
855	1.6	3.083333333	8.7
858	1.9	3.851666667	7.8
861	2.3	3.598333333	7.6
864	3.8	4.226666667	8.4
867	5.8	5.575	7.9
870	5.2	5.678333333	7
873	4.6	5.251666667	5.8
876	3.9	4.843333333	3.8
879	4.1	4.41	1.3
882	4.6	4.638333333	0.9
885	5.4	4.891666667	0.4
888	6.7	6.266666667	4.8
891	8	7.698333333	5
894	8.1	8.186666667	6.7
897	4.7	5.773333333	9
900	3	4.326666667	10.1
903	2.1	3.26	9.9
906	3.3	4.01	9.4
909	0.3	3.4	9.2
912	2	3.278333333	10.6
915	2.5	4.808333333	10.4
918	2	3.85	7.5
921	3	4.276666667	4.7
924	2.5	4.466666667	2.6
927	2.1	3.403333333	3.9
930	2.3	3.651666667	3.9
933	2.8	4.031666667	4.5
936	4.2	5.195	6.4
939	5.6	6.793333333	7.9
942	5.9	6.933333333	6.8
945	5.3	6.68	3.2
948	4.9	6.46	4
951	4.2	6.065	2.6
954	3.4	5.42	2.4
957	3.1	4.925	2.6
960	3	4.763333333	4.6
963	3.2	5.073333333	5.3
966	2.4	4.156666667	4.1
969	-0.1	2.73	3.2
972	1.7	2.106666667	1.6
975	2.8	2.971666667	1.7
978	3.5	3.405	1.3
981	3.4	3.851666667	1.5
984	4.7	4.095	1.8
987	5.2	5.083333333	2.2
990	5.2	5.655	1.4
993	4.7	5.096666667	0.5
996	4.6	5.011666667	-0.7
999	4.5	4.666666667	0.6
1002	4.1	4.458333333	0.7
1005	3.4	4.413333333	0.9
1008	5.5	5.143333333	5.8
1011	7	7.43	6.8
1014	6.7	7.018333333	3.5
1017	5.2	5.85	1.2
1020	5.9	5.571666667	-0.4
1023	6.5	6.025	-1.9
1026	6	6.153333333	-1.5
1029	5.7	5.83	-2
1032	6.6	6.44	0
1035	7.6	9.091666667	3.3
1038	7	8.035	2.9
1041	5.7	6.295	1.2
1044	4.4	4.883333333	0.3
1047	4.3	4.326666667	-1.1
1050	4.4	4.278333333	-2.2
1053	5.1	4.441666667	-3.6
1056	7.2	6.548333333	4.4
1059	7.8	8.508333333	6.9
1062	7.4	8.358333333	3.7
1065	3.6	5.48	0.6
1068	2.7	3.943333333	-0.9
1071	3.6	5.023333333	-1.5
1074	1.7	3.306666667	-3.6
1077	4.3	3.918333333	-3.9
1080	7.3	6.735	0.4
1083	7.5	7.405	5.2
1086	6.5	6.143333333	2.7
1089	6.5	6.206666667	-0.1
1092	6.2	6.56	-1.5
1095	5.1	5.385	-1.9
1098	3.5	4.276666667	-3.4
1101	2.3	3.266666667	-3
1104	4.1	4.561666667	2.5
1107	7.1	7.02	3.4
1110	3.4	5.406666667	0.9
1113	2.5	3.621666667	-1
1116	0.5	2.221666667	-3.4
1119	1	1.411666667	-4.2
1122	1.9	2.195	-5.1
1125	3	2.625	-4.8
1128	5.8	4.641666667	0.8
1131	7.8	7.446666667	3.1
1134	8.1	8.081666667	2.5
1137	7.6	7.375	0.8
1140	7.3	7.206666667	-0.7
1143	8.3	7.503333333	-3.1
1146	8.8	8.15	-3.6
1149	9.1	8.518333333	-1.4
1152	10.4	9.346666667	4.1
1155	12.8	11.16666667	4.1
1158	11.4	11.15333333	2.5
1161	9.4	9.501666667	0.2
1164	9.8	9.206666667	0.3
1167	8.9	8.981666667	0.6
1170	7.7	7.523333333	1.2
1173	5.6	6.045	3.7
1176	7	6.538333333	5.8
1179	6	7.436666667	8.2
1182	6.3	8.46	6.2
1185	3.4	5.268333333	5.2
1188	2.4	3.31	3.9
1191	1.3	2.183333333	2
1194	0.8	1.565	3
1197	0.8	1.268333333	3
1200	4.8	3.24	5.3
1203	6.7	6.69	6.4
1206	5.4	6.91	3.6
1209	2.1	3.933333333	1.2
1212	0.8	2.345	-0.2
1215	0.9	2.166666667	-2.2
1218	0.5	1.838333333	-0.5
1221	0.3	1.661666667	-1.7
1224	3.3	3.695	1
1227	5.6	6.353333333	6.2
1230	3.1	5.231666667	4.2
1233	2.5	3.598333333	3.4
1236	1.8	2.535	3
1239	2	2.006666667	2.7
1242	3	1.645	3.2
1245	3	2.738333333	3.4
1248	6	4.448333333	6.2
1251	9.6	9.063333333	6.4
1254	6.5	8.388333333	5.4
1257	2.9	4.143333333	4.8
1260	2.2	2.896666667	4.1
1263	1.7	1.761666667	2.2
1266	1.1	1.275	0.5
1269	1	1.148333333	-1.3
1272	4.2	3.491666667	1.4
1275	4.5	5.188333333	5.3
1278	4.8	5.086666667	4.3
1281	3.5	4.228333333	3.8
1284	3.3	3.941666667	3.8
1287	3.8	4.286666667	3
1290	3.4	4.121666667	2.5
1293	3.1	3.51	2.8
1296	3.6	3.763333333	5.6
1299	4.1	5.195	5
1302	5.5	6.505	3.4
1305	5	5.278333333	2.2
1308	5.7	5.53	2
1311	5.7	5.471666667	1.9
1314	6.2	5.735	1.5
1317	6.8	6.436666667	1.9
1320	9.6	8.306666667	3.5
1323	10.8	10.60833333	3.3
1326	10.8	10.65666667	2
1329	10.9	10.52833333	2.9
1332	11.3	10.76333333	4.4
1335	10.9	10.70333333	5.9
1338	6	7.78	6.4
1341	4.3	5.68	7.2
1344	5.1	5.941666667	7.8
1347	2.8	6.545	12.8
1350	3.4	6.628333333	11.1
1353	1.8	3.773333333	10.5
1356	1.1	2.163333333	10
1359	1.2	1.95	9.9
1362	1	1.733333333	9.3
1365	1.2	1.105	10.3
1368	5.4	4.313333333	12
1371	7.4	7.61	13.4
1374	6.7	6.683333333	11.1
1377	6.1	6.106666667	10.7
1380	7	6.513333333	9.5
1383	7.2	7.243333333	9.3
1386	6.9	6.978333333	7.6
1389	5.8	5.631666667	7.7
1392	7.1	6.831666667	9.4
1395	8.1	7.821666667	10.1
1398	10.8	8.806666667	8.7
1401	7.2	8.283333333	8.2
1404	5.3	6.246666667	6.7
1407	4.3	4.85	4.9
1410	3.8	4.171666667	4.2
1413	2.8	2.758333333	5.1
1416	4.4	4.34	7.5
1419	4	5.286666667	7.9
1422	3.2	6.385	5.6
1425	2.1	3.288333333	2.9
1428	1	1.61	1.2
1431	1.5	1.636666667	0
1434	0.2	1.09	2.6
1437	2.1	2.005	4.4
1440	1	3.266666667	8.1
1443	1.9	2.816666667	8.5
1446	0.9	1.766666667	6.1
1449	0.6	0.866666667	4.7
1452	0.6	0.358333333	0.6
1455	0.2	0.628333333	-0.2
1458	-0.2	0.266666667	2.1
1461	1.6	2.308333333	6.7
1464	4.1	4.296666667	10.4
1467	3.2	3.8	9.7
1470	2.1	3.361666667	6.3
1473	2.2	2.933333333	7.1
1476	1.7	2.315	5.8
1479	2.1	2.94	4.1
1482	1.8	2.318333333	5.2
1485	4.6	4.266666667	8.3
1488	7.7	7.913333333	8.6
1491	7.9	8.965	9.8
1494	7	7.6	6.3
1497	7.1	6.81	5.5
1500	7	6.571666667	7.1
1503	6.8	6.135	8.1
1506	6.7	6.501666667	10.7
1509	8.1	7.388333333	12.1
1512	9.6	9.383333333	13
1515	10.2	10.67833333	12.1
1518	8.1	7.966666667	8.9
1521	7.9	7.73	7.1
1524	8	7.62	6.5
1527	8.9	8.33	10.6
1530	10.9	10.00833333	11.7
1533	11.3	11.46833333	8.1
1536	9.3	9.545	6.9
1539	9.2	9.021666667	4.7
1542	10.1	9.283333333	2.4
1545	9.8	9.386666667	1.5
1548	10	9.59	1.4
1551	11.6	10.665	6.5
1554	12.6	11.84	7.9
1557	13.3	12.27	7.2
1560	12.1	11.95333333	3.3
1563	11.5	10.66333333	3.1
1566	9	9.931666667	2.5
1569	7.2	8.155	3.9
1572	6.4	6.91	5.5
1575	6.9	6.981666667	6.6
1578	6.9	7.711666667	8.4
1581	7.2	8.703333333	7.6
1584	5.4	7.585	7.8
1587	2.8	4.6	6.6
1590	0.7	2.208333333	7.3
1593	4.7	3.865	10.1
1596	5.8	5.233333333	11.4
1599	11	9.166666667	11.9
1602	10.3	10.80833333	12.2
1605	8.4	9.821666667	11
1608	5.6	6.728333333	3.5
1611	4.7	5.188333333	2
1614	3.4	3.631666667	0.4
1617	2.2	2.945	0.2
1620	2.3	2.048333333	3.1
1623	7.6	6.626666667	8.2
1626	9.6	10.17666667	7.7
1629	9	9.623333333	6.9
1632	5.5	7.316666667	3.9
1635	4.1	5.07	3.3
1638	4	3.613333333	2.8
1641	5.5	4.795	2.4
1644	7.8	6.755	5.1
1647	9.3	8.728333333	9.2
1650	9.4	9.541666667	10.1
1653	8.6	10.18666667	9
1656	2.9	6.193333333	7.3
1659	2.2	3.453333333	7
1662	6	4.168333333	6.9
1665	8	7	6.9
1668	10.1	8.46	7.1
1671	6.6	7.725	8
1674	6.2	7.1	6.3
1677	3.8	5.911666667	6.3
1680	1.6	4.016666667	5.1
1683	-1.1	1.836666667	4.2
1686	-1.5	0.745	5.8
1689	5.6	5.635	6.3
1692	8.3	8.721666667	7.3
1695	8.5	10.75833333	5
1698	3.9	7.588333333	4.4
1701	-0.6	4.165	4.4
1704	-2	2.745	5.2
1707	-2.8	1.611666667	4.5
1710	-2.8	0.243333333	5
1713	3.9	3.855	5.6
1716	5.8	6.798333333	5.9
1719	4.6	5.59	6.3
1722	3.5	3.726666667	6.1
1725	4.4	4.48	4.7
1728	4.2	4.695	4.7
1731	2.4	3.935	2.9
1734	2.6	2.578333333	3.9
1737	5.2	4.52	7.1
1740	6.7	6.636666667	4.9
1743	6.1	6.65	4.1
1746	5.2	6.446666667	2.9
1749	4.2	6.375	0.3
1752	3.2	6.705	-0.7
1755	3.9	5.333333333	-0.6
1758	4.4	4.961666667	1.8
1761	6.5	6.99	6.6
1764	7.3	7.738333333	6
1767	6.2	7.421666667	4.8
1770	4.8	5.896666667	2.7
1773	4	5.566666667	1.1
1776	2.7	4.25	0.3
1779	0.9	3.228333333	-2
1782	1.2	2.508333333	0.3
1785	6	5.093333333	6.4
1788	8.1	9.371666667	7.8
1791	7	8.83	6
1794	5.6	7.34	4.4
1797	4.3	6.516666667	4.5
1800	2.3	4.803333333	4.5
1803	-1.1	2.793333333	6.1
1806	-1.6	0.755	7.4
1809	4.2	4.68	9.5
1812	10.4	11.09	10
1815	11.1	12.78666667	9.6
1818	5.8	9.801666667	8.5
1821	1.6	6.371666667	6.7
1824	-0.2	4.116666667	7.7
1827	-1.2	1.921666667	8.8
1830	-0.6	2.275	10.4
1833	9.6	9.096666667	9.8
1836	12.6	13.265	6.9
1839	11.6	13.27166667	5.6
1842	8.3	10.95166667	3.4
1845	6	9.618333333	1.3
1848	6.3	8.246666667	-0.1
1851	7.6	8.366666667	1.1
1854	7.9	8.116666667	2.9
1857	8.7	9.02	4.2
1860	9.5	10.59666667	5.9
1863	9.2	10.22166667	2.6
1866	7.8	8.353333333	1.4
1869	6.3	6.885	0.5
1872	4.2	5.8	1.1
1875	5	6.133333333	1.6
1878	5.3	5.74	3.4
1881	8.4	8.875	5.4
1884	9.6	11.36	6.6
1887	10.7	12.13833333	8.1
1890	6.5	9.685	9.8
1893	2.9	7.325	10.6
1896	2.7	5.666666667	10.6
1899	0.9	4.1	6.9
1902	2.2	2.838333333	6
1905	9.1	8.775	6
1908	10.9	10.96833333	2
1911	10.9	12.95666667	0.3
1914	7.3	8.878333333	0.6
1917	7.7	8.096666667	0.5
1920	7.1	8	0.3
1923	6.1	6.718333333	1.1
1926	5.8	6.256666667	2.7
1929	7.2	10.285	6.8
1932	8.5	11.90666667	7.4
1935	7.9	11.79166667	7.5
1938	4	6.706666667	8.9
1941	2.4	4.825	7
1944	1.6	3.361666667	5.4
1947	0.7	2.643333333	4.6
1950	2	2.84	5.9
1953	6.2	6.08	7
1956	6.7	7.281666667	7.1
1959	6.1	7.223333333	5.1
1962	3.7	5.106666667	3
1965	2.4	3.608333333	1.8
1968	0.5	2.986666667	0.4
1971	-1.4	1.948333333	0.2
1974	4.3	3.53	4.4
1977	7.1	7.906666667	6.4
1980	7.5	8.411666667	3
1983	3.7	5.09	5.2
1986	2.9	3.731666667	8.5
1989	5	4.515	9.1
1992	6.5	5.973333333	8.9
1995	6.3	6.575	9.3
1998	7.3	7.045	10
2001	8.2	8.301666667	8.3
2004	9.1	9.173333333	9.4
2007	7	9.041666667	8.3
2010	4.7	6.438333333	8
2013	4.1	5.105	8
2016	3.9	5.096666667	7.8
2019	3.9	4.438333333	8.2
2022	6.1	5.765	10.4
2025	9.9	10.29166667	9.4
2028	9.9	12.05166667	6.4
2031	9.9	11.44666667	5.3
2034	8.7	9.816666667	4.2
2037	7.5	8.168333333	3.8
2040	9.9	8.67	3.6
2043	11	10.445	2.9
2046	11.4	11.83166667	7.6
2049	10.4	10.83666667	9.7
2052	10.2	11.74	10.7
2055	7.8	8.89	7.6
2058	8	8.39	4.6
2061	7.4	7.506666667	4.6
2064	6.9	7.086666667	4.4
2067	4.4	5.765	4.6
2070	4.7	5.925	6.6
2073	8.3	8.726666667	7.5
2076	8.1	9.016666667	9.5
2079	5.9	7.903333333	10.3
2082	3.7	5.021666667	10.5
2085	2.6	4.446666667	10.5
2088	2.5	3.468333333	10.4
2091	3.3	3.34	10.7
2094	6.5	4.505	12.2
2097	6.7	6.573333333	14
2100	9.6	7.341666667	12.6
2103	10.3	10.41333333	9.8
2106	8.7	9.82	8
2109	7.5	7.671666667	7.7
2112	5.6	6.551666667	8.3
2115	4.6	5.158333333	9.7
2118	4.2	5.755	11.1
2121	5.5	6.351666667	11.3
2124	4.9	7.035	11
2127	4.1	6.175	9.9
2130	4	3.993333333	9.1
2133	2.9	3.865	8.1
2136	3	3.613333333	10.2
2139	3.7	3.745	11.8
2142	5.5	5.088333333	12.7
2145	6.9	7.996666667	13.5
2148	6.9	9.116666667	12.1
2151	7.2	8.77	8.8
2154	5.4	6.24	8.1
2157	4.4	5.321666667	8.5
2160	4.4	5.33	7.4
2163	4.5	5.8	7.2
2166	5.4	6.225	9.7
2169	6.6	6.996666667	11.1
2172	7.8	7.958333333	13.8
2175	8	8.236666667	12.7
2178	9.4	8.94	11.6
2181	10	9.536666667	11.1
2184	8.6	9.726666667	10.6
2187	8	8.328333333	10.4
2190	7.3	8.03	12.6
2193	9	9.178333333	14.4
2196	10.1	9.773333333	13
2199	8.1	9.56	8.6
2202	7.4	8.02	8
2205	7.5	7.385	7.2
2208	6.6	7.203333333	7.2
2211	7.9	7.583333333	8.1
2214	10.1	9.57	11.2
2217	12.8	12.64333333	10.8
2220	14.2	13.59	9.8
2223	13.3	14.54	9.5
2226	8.4	10.33166667	9
2229	6.6	8.168333333	8
2232	5.3	8.746666667	8.3
2235	7.5	8.806666667	9.2
2238	10.5	9.646666667	10.3
2241	12.5	12.69	14.4
2244	13.2	14.28	12.7
2247	11.9	15.04166667	8.7
2250	6.2	12.19833333	6.4
2253	4	10.10166667	5.4
2256	1.9	7.906666667	5.9
2259	2	5.796666667	7.5
2262	9.6	7.64	10.5
2265	15.3	14.32666667	14
2268	16.1	17.85166667	11.5
2271	12	15.355	7.5
2274	8.5	10.79666667	5.4
2277	4	9.403333333	4.8
2280	3.1	7.661666667	4.7
2283	4	7.176666667	7.1
2286	12.5	9.91	7.4
2289	16	15.55166667	7
2292	17.2	18.89666667	6.4
2295	15.3	17.55333333	6.1
2298	8.4	12.205	6.4
2301	6.1	8.781666667	6.4
2304	3.7	6.986666667	5.8
2307	5.5	5.898333333	6.2
2310	12.4	8.803333333	9.8
2313	16.5	15.20333333	11.2
2316	16.9	19.04666667	10.6
2319	14.3	17.39166667	7.1
2322	8.7	13.72666667	5.7
2325	6.8	9.875	4.1
2328	3.8	7.931666667	2.9
2331	2.7	5.355	6.6
2334	12.2	8.175	8.4
2337	15.9	15.05166667	10.8
2340	16.9	18.30833333	11.1
2343	14.8	19.86333333	7.3
2346	10.9	15.02666667	6
2349	6.8	10.22666667	5.6
2352	3.5	7.381666667	5
2355	5	4.966666667	5.6
2358	11.6	9.403333333	8.2
2361	14.1	15.215	10.1
2364	16.1	18.83166667	10.4
2367	13	15.815	7.3
2370	9.7	12.12166667	6.8
2373	3.4	6.751666667	5.3
2376	3.1	5.851666667	4.5
2379	3	4.005	4.5
2382	7.1	6.07	4
2385	7.9	8.938333333	8.4
2388	7	10.05666667	5.4
2391	5.8	9.275	5.4
2394	4.9	5.703333333	4.4
2397	5.1	5.408333333	3.3
2400	4.7	4.933333333	2.3
2403	2.2	4.77	3.7
2406	4.4	2.79	5.5
2409	5.4	8.446666667	9.8
2412	10.5	11.015	8.5
2415	7.8	11.425	5.4
2418	2.7	8.228333333	4.7
2421	0.4	6.245	4.2
2424	0.7	2.913333333	4
2427	5	3.375	5.1
2430	10.5	6.148333333	7.7
2433	12.8	11.16833333	10.5
2436	12.7	12.6	9.2
2439	12.9	13.095	7
2442	11.4	11.64166667	6.8
2445	10.8	11.05	5.6
2448	10.2	10.45833333	5.3
2451	10.2	10.18166667	7.2
2454	10.9	10.84166667	9.4
2457	12.2	12.36333333	10.4
2460	12.6	12.58333333	8.7
2463	9.9	12.475	6.5
2466	8.9	10.41666667	4
2469	8.7	9.413333333	5.6
2472	8.1	9.103333333	6.8
2475	7.6	8.543333333	9.3
2478	9.1	8.36	13
2481	10.4	11.05333333	12.9
2484	11	13.18	13
2487	8.6	11.625	11.3
2490	5.9	8.105	10.8
2493	4.3	6.145	10.9
2496	3.2	5.721666667	10.8
2499	4.5	5.431666667	10.7
2502	9.3	7.58	11.5
2505	11	12.41666667	12
2508	11.8	14.75	10.7
2511	9.9	14.505	8.5
2514	4.9	9.363333333	7.8
2517	2.5	6.795	7.4
2520	-0.2	5.483333333	7.2
2523	2.1	4.833333333	7.8
2526	8.8	7.765	9.3
2529	12.4	10.74166667	13.3
2532	13.3	14.06333333	13.5
2535	10.1	13.29	11.1
2538	6.6	9.898333333	8.9
2541	5.2	7.071666667	6.9
2544	5.7	5.633333333	5.1
2547	7	4.94	8.3
2550	9.4	8.191666667	14.4
2553	10.2	11.35333333	16.8
2556	11	12.66333333	16.2
2559	9.4	12.095	11.6
2562	5.5	9.458333333	9
2565	3.6	6.41	7.9
2568	1.2	5.295	9.7
2571	1	4.36	9.9
2574	9.2	6.933333333	10.3
2577	11.9	12.15166667	11.1
2580	11.8	13.25666667	8.8
2583	9.4	12.37333333	7
2586	5.2	10.20166667	5.7
2589	3	7.265	3.8
2592	5.8	6.39	4
2595	6.6	6.53	4
2598	11.3	8.64	4.3
2601	12.6	13.87666667	7.9
2604	13.3	15.49666667	7
2607	11.6	15.695	6
2610	6.8	11.23666667	4.8
2613	3.4	8.686666667	4.1
2616	0.4	6.841666667	4.4
2619	1.6	4.573333333	5.9
2622	13.8	8.95	8
2625	15.7	15.24	8.3
2628	17	17.595	8.9
2631	14.4	17.79166667	7.3
2634	8.8	13.51	4.6
2637	6.5	9.38	3.5
2640	4.3	7.475	3.4
2643	6.3	5.455	6.6
2646	10.9	7.45	9.8
2649	17.2	13.565	12.8
2652	16.8	18.47333333	13
2655	13.3	18.03166667	10.3
2658	7.9	14.02166667	7.6
2661	4.1	10.92333333	5.8
2664	2.2	8.076666667	6.7
2667	4.7	6.875	7.2
2670	12.7	14.145	10.2
2673	12.3	13.54	8.3
2676	10.6	12.485	4.4
2679	10.5	11.25	7.3
2682	10.1	10.745	6.3
2685	6.2	7.125	7.2
2688	5	4.87	8.8
2691	8	7.356666667	9.6
2694	10	10.14333333	10.5
2697	7.7	10.075	8.6
2700	4.6	7.36	5.2
2703	1.4	4.431666667	4.1
2706	-0.5	3.171666667	4.1
2709	-1.3	2.355	6.1
2712	7	6.763333333	9.7
2715	7.6	8.6	11.9
2718	6.6	9.063333333	11.6
2721	4.5	8.491666667	9.5
2724	1.7	7.17	7.9
2727	-0.8	5.001666667	6.2
2730	-1.6	3.403333333	6.1
2733	0.8	1.551666667	6.6
2736	6.3	4.665	7
2739	4.8	7.718333333	7.7
2742	6.4	9.525	6.4
2745	4.3	10.42333333	5.4
2748	2.4	4.935	2
2751	1.8	3.661666667	0.6
2754	1	2.793333333	0.9
2757	0.8	1.873333333	3.5
2760	6	4.006666667	3.4
2763	7.3	7.883333333	5.4
2766	5.9	10.27166667	10.1
2769	6.2	8.115	10.2
2772	3.5	5.835	9.7
2775	3.7	4.721666667	9.3
2778	1.9	4.03	9.2
2781	1.8	2.691666667	9.5
2784	6.9	4.865	10.3
2787	9.2	9.855	10.7
2790	8.9	9.648333333	11.2
2793	6.4	10.02166667	10.9
2796	4.5	7.368333333	9.8
2799	5.4	6.466666667	9.6
2802	4.8	5.961666667	8.3
2805	4.2	4.978333333	8.5
2808	8.3	7.6	10.6
2811	10.4	11.25166667	11.1
2814	12.8	13.11	10.3
2817	11.4	14.38166667	7.2
2820	5.8	10.38333333	5.9
2823	3.1	6.548333333	7.2
2826	1.2	3.953333333	8.7
2829	0.8	2.966666667	9.8
2832	8.7	5.895	10.6
2835	9.8	10.76666667	10.6
2838	10.4	11.94333333	11.7
2841	8.2	11.21166667	9.5
2844	5.8	8.421666667	8.1
2847	3.7	6.116666667	7.3
2850	4.2	4.131666667	6.3
2853	5.5	4.896666667	7.7
2856	5.6	5.39	9.4
2859	6.5	5.801666667	11.5
2862	7.1	6.796666667	12
2865	7.1	7.09	11.5
2868	8.4	7.34	10.1
2871	8.9	8.623333333	8.7
2874	8.4	8.395	8.2
2877	8.1	7.88	8.9
2880	9.3	8.171666667	10.6
2883	14.2	11.66	10.6
2886	14.9	15.605	11.2
2889	12.6	13.55166667	10.2
2892	9.6	12.00166667	9.1
2895	8.7	9.498333333	8.2
2898	7.5	8.96	7.9
2901	6.9	7.323333333	9
2904	10.4	9.421666667	9.5
2907	12	13.11333333	11.6
2910	11.2	13.11833333	11.4
2913	12.3	13.82166667	10.1
2916	7.4	11.51	6
2919	7.1	8.376666667	3.8
2922	7.3	8.025	2.9
2925	6.8	7.186666667	6
2928	8.3	7.42	12.7
2931	7.3	8.636666667	12.5
2934	9.8	9.651666667	14.2
2937	8.5	10.565	13.1
2940	7.1	8.63	8.8
2943	6.4	6.826666667	6.8
2946	6.6	6.735	6.1
2949	6.8	7.068333333	7.6
2952	8.6	7.963333333	13
2955	9.5	9.331666667	15.6
2958	10.7	10.42333333	14.5
2961	9.5	11.62333333	12.5
2964	7.6	9.868333333	8.6
2967	4.9	7.543333333	6.6
2970	4.6	6.82	5.1
2973	4.3	6.518333333	8
2976	8.3	8.768333333	16.4
2979	10.2	11.17	15
2982	11.2	14.08	15.2
2985	11.3	14.31833333	14.5
2988	6.8	10.20333333	12.7
2991	6.3	7.308333333	10.8
2994	5.8	6.363333333	9.4
2997	6.4	5.958333333	10.1
3000	9.6	7.403333333	14.1
3003	9.6	10.11	15.2
3006	6.1	8.05	14.3
3009	6.5	6.963333333	9.8
3012	6.5	6.898333333	8.5
3015	6.5	6.73	7.8
3018	6.7	7.006666667	4.9
3021	7.2	7.161666667	6.7
3024	10.2	10.14333333	11.1
3027	12.6	14.55666667	12.6
3030	13.9	14.945	14.7
3033	12.3	14.63666667	12.7
3036	10.6	12.48166667	9.6
3039	10.5	10.82333333	8
3042	10.2	9.891666667	8
3045	12.6	10.99166667	9.2
3048	14.2	12.05666667	12
3051	13.9	14.35833333	16.1
3054	12.9	13.29166667	15.1
3057	12.6	12.99333333	13.2
3060	12.3	12.78833333	12.2
3063	11.4	11.47166667	11.3
3066	10.4	10.71166667	10.1
3069	10.4	9.416666667	10.5
3072	9.6	11.81666667	14.1
3075	14.2	12.62166667	15.8
3078	13.8	15.93166667	15
3081	11.4	15.57	13.2
3084	9.4	11.65666667	9.9
3087	8.1	9.583333333	8.5
3090	7.9	8.573333333	7.2
3093	7.4	7.025	7
3096	8.6	10.15	11.8
3099	10.4	10.85333333	15.9
3102	9.9	12.74333333	16.5
3105	11.2	13.37833333	13.6
3108	7.4	12.475	10.5
3111	4.8	8.983333333	11
3114	1.6	7.35	11.2
3117	1.5	4.591666667	11.3
3120	9.8	8.448333333	10.5
3123	12.8	11.73666667	14.2
3126	14.3	16.08	15.9
3129	11.9	14.56166667	13.5
3132	7.2	11.11166667	8.6
3135	5.4	7.32	7
3138	8.5	6.258333333	5.6
3141	9.2	6.418333333	8.3
3144	9.9	9.746666667	14.5
3147	10.9	11.82166667	20
3150	11.3	13.00666667	21
3153	10.9	13.69333333	18
3156	8	11.75166667	13.6
3159	4.7	8.71	10.7
3162	2.9	7.488333333	9.4
3165	6.4	5.523333333	11.1
3168	10.5	7.885	17
3171	11.9	12.61666667	21.3
3174	11.9	11.79166667	21.5
3177	12.9	12.96	19.1
3180	10.7	11.92666667	12.9
3183	8.4	9.753333333	10.5
3186	6.8	8.34	8
3189	6.6	6.906666667	10.4
3192	10	9.518333333	17.8
3195	10.4	11.19666667	21.3
3198	10.9	13.68333333	22
3201	10.6	14.56833333	19.2
3204	8.4	11.99166667	13.6
3207	7.9	8.771666667	8
3210	8.2	8.371666667	9.4
3213	8.2	8.101666667	10.2
3216	9.4	9.866666667	9.9
3219	11.8	11.635	11.7
3222	11.2	14.47	11.1
3225	9	12.92333333	9
3228	7.8	9.776666667	6
3231	7.7	8.66	4
3234	7.6	8.126666667	4.7
3237	6.1	7.84	6.6
3240	8.2	10.025	9.5
3243	8.1	10.18833333	10.7
3246	6.7	9.463333333	10.2
3249	7.1	10.82666667	6.7
3252	6.6	9.375	5.5
3255	6	7.613333333	3.6
3258	5.4	6.426666667	1.1
3261	5.8	5.938333333	5.8
3264	7.9	7.7	9.2
3267	8.5	8.398333333	10.5
3270	11.2	11.99166667	11.6
3273	8.6	11.26	9.8
3276	6.1	10.21166667	6.5
3279	6.2	7.43	3.9
3282	4.2	6.59	1.8
3285	6.6	6.123333333	5.4
3288	9.2	10.38	9.9
3291	11.4	12.05833333	11.8
3294	13.6	14.675	12.4
3297	13.6	15.70166667	10.4
3300	9	13.88	8.3
3303	7	10.335	6.2
3306	6.8	8.601666667	4.4
3309	7.9	8.386666667	8.6
3312	11.1	11.565	12.8
3315	13.9	14.68166667	14.7
3318	14.1	15.54833333	14.1
3321	13.7	15.78833333	11.3
3324	12.7	14.40333333	8.1
3327	12.5	13.79	6.9
3330	11.8	13.10333333	6.4
3333	11.3	12.54	11
3336	12.1	12.75333333	14.7
3339	13.4	14.73	16.5
3342	14.5	17.385	15.1
3345	13.6	15.91	14
3348	9.9	14.75	12
3351	6.7	10.55833333	11.7
3354	5.4	8.631666667	11.2
3357	7.5	9.048333333	11.5
3360	10.9	12.27	13.5
3363	13.9	16.35	11.7
3366	15.2	19.27333333	10.2
3369	14.2	17.21	11.9
3372	13.3	14.85	9.1
3375	12.2	13.81333333	6.1
3378	10.2	12.575	5
3381	8.6	9.365	8.5
3384	10.1	10.61333333	12
3387	12.2	12.705	9.5
3390	13.1	13.46	13
3393	11.1	14.01833333	9.3
3396	9.5	12.06666667	6.1
3399	9	10.965	5.8
3402	8.9	10.415	5
3405	8.9	9.926666667	7.9
3408	11.7	11.04	11.7
3411	13.1	14.62666667	14.2
3414	13.9	15.16333333	12.6
3417	12.1	14.12833333	12.1
3420	11.2	12.88833333	9
3423	10	11.395	8.3
3426	9.5	10.73666667	5
3429	9.6	10.20333333	7.8
3432	10.4	10.86166667	14.4
3435	12.2	12.24166667	16
3438	13.8	15.015	14
3441	11.1	14.75333333	12.2
3444	9.4	12.58833333	8.4
3447	8.6	10.88333333	6.5
3450	7.9	10.665	4.9
3453	7.7	9.615	7.7
3456	8.4	9.513333333	14.6
3459	8.6	9.47	15.4
3462	9.1	9.9	12.6
3465	11.1	12.99	13
3468	9.2	12.78	10.3
3471	7.1	10.01	9.2
3474	6.4	8.301666667	8.9
3477	6.3	7.686666667	9.6
3480	9.1	10.29833333	10.2
3483	11.2	12.025	10.3
3486	11.2	12.10666667	10.4
3489	9.1	13.105	10.3
3492	6.9	10.33	9.6
3495	6.1	9.231666667	9.8
3498	5.7	7.881666667	9.5
3501	6.1	7.213333333	10.1
3504	8.7	9.558333333	12.3
3507	9.8	12.255	14.5
3510	11.5	12.99	15.1
3513	8	12.29	11.2
3516	6.9	10.92	9.3
3519	5.2	8.208333333	6.6
3522	4	6.823333333	5.3
3525	5.3	6.008333333	8.1
3528	8.8	8.128333333	11.2
3531	10.3	12.78333333	14.6
3534	11.6	12.05166667	14.1
3537	9.1	11.43166667	10.5
3540	9.8	9.776666667	10.2
3543	11.9	10.97166667	9.4
3546	8	10.15	9.9
3549	6.7	8.256666667	9.6
3552	7.6	9.003333333	11
3555	9.4	11.04	14.8
3558	10.7	10.795	13.8
3561	9.6	13.95166667	11.6
3564	7	12.01333333	10.8
3567	5.1	7.266666667	11
3570	4.5	5.726666667	11.6
3573	6	5.423333333	12.7
3576	8.9	8.09	13
3579	9.1	9.351666667	14.4
3582	10	9.49	14.5
3585	8.9	11.92333333	12.7
3588	7.6	10.77333333	12
3591	6.2	7.721666667	11.2
3594	5.4	6.408333333	11.3
3597	7.3	6.253333333	12.5
3600	8.3	8.711666667	16.8
3603	12.2	11.345	19.1
3606	11.6	14.2	19.3
3609	11.1	15.35333333	15.8
3612	8.6	12.56	13
3615	6.6	9.531666667	11.8
3618	5.7	7.798333333	10.3
3621	6.9	6.718333333	10.2
3624	11.2	12.13833333	13.2
3627	13.1	15.475	13
3630	13.7	17.27833333	11.8
3633	14.1	17.05333333	8.7
3636	12.6	15.43166667	7.9
3639	10	13.21666667	6.6
3642	9	10.78166667	6.5
3645	9.2	10.65	8.6
3648	12.1	11.12666667	11.3
3651	14.2	14.60166667	12.9
3654	15.3	16.00166667	11.5
3657	14.4	18.13333333	10.3
3660	12.5	15.06833333	8.5
3663	11.7	13.14	7.8
3666	10.1	11.84666667	6.8
3669	10.2	10.59166667	8.8
3672	11.4	10.51166667	11.7
3675	13.6	14.59333333	12.1
3678	13.7	16.05333333	12.4
3681	12.2	16.22833333	9.9
3684	9.4	12.99333333	7.9
3687	8.5	9.645	6.5
3690	8	8.946666667	5.4
3693	9.1	9.083333333	8
3696	11.2	10.085	12.7
3699	10.3	11.685	15.1
3702	13.4	13.53666667	17
3705	12.5	14.63166667	15
3708	9.1	13.16833333	12.2
3711	7.3	10.13	10.1
3714	5.9	8.316666667	8.9
3717	6.8	7.996666667	9.4
3720	11.4	12.59833333	10.1
3723	11.4	13.36333333	11.2
3726	14.3	15.15666667	12.3
3729	13.4	15.77	10.6
3732	9.4	14.47333333	8.9
3735	6.2	9.465	5.7
3738	3.2	8.315	5.9
3741	5	7.87	9.7
3744	10	10.875	10.5
3747	12.4	12.36833333	13.5
3750	14.3	15.585	14.9
3753	14.6	16.93166667	13.5
3756	9.8	13.80833333	11
3759	5.8	10.03333333	10.4
3762	3	8.895	13.5
3765	6.3	9.148333333	14.7
3768	12	12.00666667	11.8
3771	14.7	17.34833333	12.1
3774	16.4	18.88	13
3777	16.3	20.85833333	11.5
3780	12.6	18.485	8.2
3783	8.3	13.11666667	5.9
3786	5.6	9.858333333	6.4
3789	6.6	9.158333333	8.4
3792	13.3	12.49	10.7
3795	16	17.10333333	12.1
3798	18.1	20.55	10.8
3801	18.3	21.00666667	9.2
3804	14.1	19.53	7.1
3807	9.4	13.62833333	5.3
3810	16.1	20.46666667	15.2
3813	13.6	18.435	11.5
3816	12.1	15.87166667	10.1
3819	11.2	13.775	9.5
3822	9.9	11.96333333	8.6
3825	11.8	11.50333333	13.1
3828	17	14.32333333	16
3831	15.9	17.02166667	14.9
3834	14.5	15.47833333	15.2
3837	12.1	13.91666667	13.5
3840	10.8	11.725	12.7
3843	9.5	10.83666667	12.6
3846	9	9.441666667	14
3849	11.3	10.335	15.1
3852	13.9	13.79	19.1
3855	12.2	14.205	18.9
3858	12	13.16166667	17.1
3861	10.1	12.24666667	14.1
3864	7	10.51	13.7
3867	6.2	9.183333333	14.1
3870	7.4	8.591666667	15
3873	11.2	10.45	17.5
3876	13.1	12.94166667	21.3
3879	15.2	16.50666667	23.4
3882	15.6	18.105	19.7
3885	11.4	15.90333333	16.2
3888	9.6	11.94333333	13.2
3891	8.5	10.37333333	13.5
3894	9.4	10.62166667	14.5
3897	13.4	12.12666667	19.5
3900	16.7	19.16333333	22.2
3903	17.4	22.07666667	20.8
3906	17.8	21.87166667	19.6
3909	15.6	20.94	15.6
3912	13.2	16.33833333	13.9
3915	12	14.305	13.1
3918	12.3	13.39	13.8
3921	13.4	14.56833333	17.8
3924	15.7	17.2	17.1
3927	17.4	19.45666667	18.5
3930	17.8	19.02	16.4
3933	16.3	17.69333333	14.1
3936	14.8	15.915	11.8
3939	13.8	14.72666667	10.7
3942	13.8	14.49333333	10.9
3945	14.6	14.36666667	11.5
3948	16.6	17.28166667	12.1
3951	14.3	16.33333333	12.7
3954	13.5	17.52166667	11.6
3957	10.9	14.89333333	10.1
3960	9.9	11.89333333	8.6
3963	9.6	11.31833333	5.8
3966	10	10.54666667	8.6
3969	11.9	12.48833333	13.3
3972	13.9	15.445	16.2
3975	16.4	17.16166667	17.1
3978	15.4	18.755	14
3981	10.4	15.65166667	11
3984	10.2	12.41166667	9.8
3987	10.3	12.03833333	8.6
3990	10.2	11.785	11.9
3993	12.1	13.92666667	15.3
3996	13.6	18.555	16.7
3999	15.1	19.81333333	17.5
4002	15.5	18.63666667	17.1
4005	15.9	18.78833333	14.1
4008	14.9	16.15666667	13
4011	14.6	15.3	10.5
4014	14.2	14.93166667	12.3
4017	15.5	15.72166667	12.6
4020	17.3	20.93833333	16.7
4023	16.3	21.20833333	15.5
4026	16.8	21.56333333	15.2
4029	13.5	19.57833333	12.3
4032	10.6	14.355	10.3
4035	9.5	12.29833333	8.7
4038	9.2	10.955	10.1
4041	10.7	12.81166667	13.4
4044	11.8	14.565	18.6
4047	12.3	15.36333333	19.3
4050	12	14.41666667	18.8
4053	10	12.67666667	13.9
4056	9.2	10.995	11
4059	8.1	10.56333333	11
4062	9	9.833333333	11.7
4065	12.1	12.315	14
4068	13.7	14.00666667	15.2
4071	15.4	16.72	17
4074	15.8	18.81666667	15.4
4077	12.5	16.23333333	12.7
4080	8.7	11.92	11.7
4083	5.7	9.885	12.1
4086	9	9.951666667	12.7
4089	13.4	13.09666667	15.8
4092	16.6	17.885	17
4095	19.4	23.25833333	18
4098	19.4	25.06166667	16.2
4101	17	23.27166667	13.9
4104	14.4	20.12333333	11.4
4107	12.4	16.90333333	11
4110	12.9	16.27666667	10.7
4113	15.6	15.96333333	11.8
4116	18.4	20.78333333	15.3
4119	19.1	20.90166667	14
4122	18.7	20.75166667	13.5
4125	15.7	19.88166667	13
4128	13.5	17.2	13
4131	13	15.83666667	12.6
4134	13.7	14.855	13.7
4137	15.7	15.375	14.2
4140	16.5	16.655	19.6
4143	18.9	17.58666667	19.6
4146	16.4	19.84833333	18
4149	16.3	17.26166667	14.7
4152	14.5	15.62166667	13.7
4155	15	14.885	11.5
4158	13.9	14.74166667	13
4161	16.1	15.35333333	17.1
4164	18.2	19.04	18.3
4167	18.7	21.4	21.2
4170	17.3	22.01166667	21
4173	13.9	19.87	18
4176	12.5	15.09666667	16.7
4179	12	13.88666667	15.4
4182	12.4	13.31166667	15.7
4185	16	14.82333333	14.9
4188	17.2	18.32166667	18.7
4191	17	18.37666667	22.1
4194	16.9	17.94166667	21.2
4197	14.8	16.47333333	18.8
4200	14.4	14.56333333	16.7
4203	14	14.19166667	16.2
4206	13.6	14.215	17.5
4209	15.1	16.19	20.1
4212	16.4	17.70666667	23.8
4215	16.5	18.95333333	24.2
4218	15.1	18.93333333	21.4
4221	13.8	16.01333333	18.7
4224	13	13.95666667	16.1
4227	12.1	13.16833333	15.2
4230	12.8	12.825	16
4233	15.8	14.03666667	18.1
4236	17.5	18.67166667	16.2
4239	19.1	19.27333333	18
4242	17.4	20.245	18.7
4245	16	16.13333333	17.1
4248	16.7	16.56333333	16.2
4251	17	16.18666667	16.1
4254	18.5	16.79666667	15.8
4257	20.1	19.33666667	17.1
4260	21	20.545	17.9
4263	23.4	23.81333333	14.8
4266	23.6	24.345	13.6
4269	20.4	22.64166667	11.5
4272	18.9	20.51166667	9.8
4275	15.4	18.95833333	9.6
4278	15.4	17.37833333	11.2
4281	18.8	19.79166667	12.8
4284	20.3	22.11166667	14.4
4287	20.3	23.51666667	14
4290	21.8	24.97	13
4293	19.5	23.065	11
4296	16.7	20.085	8.4
4299	14.7	18.085	7.5
4302	14.1	16.35666667	10.3
4305	16.8	16.42166667	15.6
4308	18.1	20.92833333	17.6
4311	18.1	22.35166667	17.9
4314	16.2	20.63	16.5
4317	14.6	18.735	14.1
4320	14.1	16.26333333	11.7
4323	12.6	14.12833333	9.8
4326	13.4	13.88666667	12.8
4329	17.2	17.06833333	16.6
4332	21	20.91333333	18.8
4335	21.1	23.10666667	18.7
4338	17.5	20.685	17.9
4341	16.2	18.695	16.5
4344	15.9	16.845	14.7
4347	13.6	15.28666667	14.2
4350	14.2	14.31833333	14
4353	16.7	15.79166667	18.1
4356	18.5	18.31166667	18.4
4359	18	20.80833333	18.6
4362	17.3	20.74166667	19.1
4365	15.2	19.84166667	16.5
4368	13.6	15.34333333	15
4371	10.8	13.62666667	13
4374	12	11.62	16
4377	15.2	15.62	20.8
4380	15	18.98	23.8
4383	16.2	17.665	23.4
4386	14.9	20.25833333	21.2
4389	13.6	17.14166667	16.7
4392	11.7	15.79833333	14.6
4395	8.4	13.03666667	14.6
4398	9.8	10.725	15.3
4401	12.2	11.84833333	17.6
4404	14.5	13.16333333	18.9
4407	19.6	16.13666667	16.7
4410	18.9	21.39666667	17.2
4413	15.1	17.52	12.9
4416	14.2	15.575	10.3
4419	13.6	14.48833333	8.4
4422	13.4	14.13666667	10.9
4425	14.6	15.65	14.4
4428	14.7	16.555	16
4431	13.8	16.515	16
4434	13.5	16.3	14.2
4437	12.7	14.975	11.7
4440	12.8	13.615	9.8
4443	12.8	13.44666667	10.1
4446	12.1	12.67	12
4449	13.4	13.02	15.1
4452	15.2	15.31333333	15
4455	15	16.87666667	16.3
4458	14.2	17.86666667	16.3
4461	11.6	15.48333333	12.4
4464	9.2	13.39	12.2
4467	6.9	11.745	11.5
4470	8.1	10.80666667	13.1
4473	13.3	14.96166667	14.2
4476	15.3	16.56333333	15.1
4479	16.4	17.56166667	15.6
4482	14.6	17.05166667	16
4485	14.9	15.67333333	16.8
4488	15.6	15.35	16.7
4491	15.2	15.65166667	16.4
4494	15.1	15.07833333	16.8
4497	15.3	15.45166667	20.6
4500	17.9	16.18333333	20.4
4503	19.5	19.18833333	21.5
4506	17.8	19.84333333	18.5
4509	16	18.3	16.6
4512	13.2	15.11666667	14.8
4515	11.8	12.85	13.8
4518	12.8	12.75666667	13.7
4521	14.7	14.84333333	16.2
4524	15.1	15.76666667	18
4527	15.1	15.61666667	18
4530	15.1	15.53833333	16
4533	14.7	15.38	14
4536	13.9	14.185	13.5
4539	13.3	13.54	13.1
4542	11.8	12.31333333	14
4545	14.2	13.77666667	16.6
4548	15.3	17.295	17.6
4551	16.2	18.52	16.7
4554	15.5	19.18333333	17.5
4557	14.3	16.90833333	15.1
4560	13.2	14.925	14.6
4563	12.7	13.94	15
4566	12.8	13.29666667	15.8
4569	15.4	13.91	17.6
4572	15.8	17.81666667	19
4575	17.9	18.95166667	20.9
4578	15.6	16.95833333	18.8
4581	12.7	15.32333333	15.9
4584	10.7	14.215	14.3
4587	9.1	11.92166667	14.5
4590	9.6	11.4	14.2
4593	13	12.46166667	18.3
4596	15.5	16.85666667	19.4
4599	16.1	18.16666667	19.9
4602	15.2	17.93	14.6
4605	12.4	15.84333333	14.4
4608	7.4	13.095	15.6
4611	5.5	10.16166667	14.9
4614	7.2	10.455	15.1
4617	13.4	12.945	15.1
4620	13.8	15.38833333	14.7
4623	15.8	17.73333333	14.8
4626	16.4	18.51	15.5
4629	12.8	17.24166667	13
4632	10.1	13.40166667	9.7
4635	9.1	11.565	8
4638	9.6	10.84333333	10.6
4641	13	12.825	15.9
4644	15.7	14.92666667	16.2
4647	12.7	16.71666667	13.6
4650	13.1	12.46833333	12.5
4653	15.9	14.01166667	12.3
4656	16.2	15.76666667	11.2
4659	15.3	15.615	11.1
4662	13	14.02166667	13.8
4665	13.6	14.03833333	16.1
4668	14.6	15.31	17.6
4671	15.4	16.135	17.5
4674	13.6	16.79	14.8
4677	11.9	14.20833333	12.2
4680	10.9	12.19	10.1
4683	10.1	11.12833333	10.5
4686	10.7	10.01666667	12
4689	13.1	13.81	14.7
4692	13.5	14.24333333	14
4695	15.1	15.43666667	15
4698	14.7	15.15666667	15.8
4701	13.3	14.14666667	13.7
4704	11.3	12.43833333	13.7
4707	8.6	10.525	12.9
4710	8.8	9.128333333	13.4
4713	12.7	10.96	13.6
4716	14.8	14.52833333	16.3
4719	17.4	19.17666667	18.7
4722	15.9	21.48833333	16.5
4725	13.4	18.07	14.5
4728	11.6	14.64333333	12.9
4731	11.9	13.83666667	13
4734	10.8	12.605	15.7
4737	13.3	11.33	16.7
4740	16.5	14.95166667	19.4
4743	18.2	19.66333333	18.7
4746	15.8	20.30166667	17.5
4749	13.2	15.20833333	14.4
4752	13.7	13.635	12.5
4755	13.1	13.50166667	12.1
4758	13.2	13.24666667	13.4
4761	14	14.03833333	16.1
4764	12.9	14.44333333	18.2
4767	14.4	15.325	20.8
4770	14	16.44833333	20
4773	12	15.23	14.6
4776	11	13.675	12.2
4779	10.8	12.22833333	11
4782	11	11.95	13.2
4785	13.2	12.98666667	17.3
4788	15.3	18.31166667	20.7
4791	14.6	19.33666667	21.2
4794	14.7	17.58333333	20.7
4797	11.5	15.88	15
4800	9.6	13.25833333	11.5
4803	9.1	11.35333333	11.4
4806	9.9	9.806666667	12.4
4809	13.3	11.94333333	15.4
4812	13.6	14.15166667	17.2
4815	12.6	17.36	19.2
4818	13.9	16.2	17.6
4821	11.8	15.685	13.9
4824	10.5	13.455	14.2
4827	9	12.18166667	13.9
4830	6.9	10.215	14.2
4833	13.4	14.79666667	14.4
4836	15.4	14.765	15.9
4839	14.6	16.43166667	15.7
4842	13.9	16.08166667	13.8
4845	11.5	13.54166667	12.1
4848	8.5	11.82666667	11.1
4851	7.3	10.29833333	11
4854	8.2	9.61	12
4857	13	13.01166667	13.3
4860	14.1	14.16166667	16.7
4863	15.2	17.63	15.2
4866	15.2	18.27666667	13.5
4869	12.7	16.41666667	11.6
4872	11.5	13.27666667	11.6
4875	11.3	11.56	11.4
4878	11.3	11.39	11.7
4881	12.4	11.93833333	15.7
4884	12.8	12.725	18.5
4887	12.1	12.85166667	17.6
4890	12.7	12.77333333	16.7
4893	12.4	12.97833333	15.3
4896	12.3	13.08666667	15
4899	12.2	12.64166667	14.5
4902	12.1	12.67833333	14.5
4905	13.6	13.855	15.8
4908	15	14.92333333	17.6
4911	16.5	18.00166667	15.9
4914	13.6	16.73666667	15.6
4917	12.3	14.48	14.9
4920	11.1	12.41666667	14.7
4923	10.6	11.45833333	14.8
4926	10.2	10.455	15.8
4929	12.2	11.705	17.3
4932	14.4	14.90333333	18.6
4935	12.9	15.635	18.9
4938	12.5	15.93333333	17.2
4941	10.2	13.22166667	15.7
4944	10	10.96666667	14.8
4947	9.6	10.47	13.1
4950	9.9	9.933333333	13.5
4953	10.9	11.88833333	16
4956	13.5	14.45666667	16.9
4959	12.9	13.435	16.8
4962	12.6	13.82666667	15.5
4965	10.8	13.03	13.8
4968	8.7	11.03666667	12.7
4971	8.7	10.19	12.2
4974	9.4	9.946666667	13
4977	12.7	12.605	14.3
4980	14.9	15.44	16.8
4983	14.3	17.76166667	17
4986	13.5	17.35166667	15.7
4989	12.7	15.07833333	15
4992	11.5	12.83666667	15
4995	10.8	11.87	15.5
4998	11	10.995	15.7
5001	13.6	12.345	17.4
5004	13	14.23166667	17.8
5007	12.4	14.045	16
5010	13.7	14.26166667	14.8
5013	11.5	15.68666667	13.9
5016	10	12.035	14.6
5019	9.1	9.97	15
5022	9.2	9.518333333	15.4
5025	13.4	12.78333333	17.5
5028	12	16.42666667	19.8
5031	15.1	16.51	20.6
5034	15.1	19.80833333	19.2
5037	13.2	17.25	17
5040	11.5	13.56833333	15.5
5043	10.8	12.48666667	14.6
5046	11.2	11.415	16.1
5049	13.6	13.015	17.8
5052	15.8	15.04166667	21.3
5055	17.2	16.94666667	22.5
5058	16.1	17.215	20.2
5061	13	15.13666667	16.3
5064	14.6	14.065	13.8
5067	16.1	15.25333333	13.1
5070	13.3	13.8	13.6
5073	14.7	13.89666667	16
5076	17.5	15.965	20.5
5079	17.8	18.565	23.1
5082	16.3	17.405	21.1
5085	13.8	14.86333333	17.7
5088	12.4	12.48666667	16
5091	13.1	12.79833333	15.5
5094	13.5	13.37833333	15.8
5097	13.6	13.605	19.1
5100	16.4	14.56833333	18.6
5103	16.7	16.20833333	20.8
5106	15.4	18.64	18.8
5109	13	15.30666667	16.1
5112	12.1	12.7	14
5115	11.5	11.96666667	14.8
5118	11.3	11.41833333	17.6
5121	12.6	12.07666667	19
5124	15.3	13.60833333	19
5127	17.4	15.965	19
5130	15.2	17.39833333	17.4
5133	12.7	14.61833333	16.3
5136	11.5	12.81833333	15.6
5139	9.5	11.82666667	15.3
5142	10	10.86833333	15
5145	13.1	13.44333333	16.2
5148	15.9	16.59333333	16.4
5151	16.6	18.56833333	16.1
5154	15.1	18.475	15.2
5157	11.6	15.25666667	13.8
5160	8.5	13.01333333	12.7
5163	7.3	11.555	10.6
5166	7.9	10.655	11.9
5169	14.3	12.14833333	16.3
5172	16.3	17.68666667	15.9
5175	17.2	19.46666667	22.1
5178	16	18.8	18.5
5181	11.9	15.98833333	16.3
5184	7.9	13.68833333	16.5
5187	6.7	11.08666667	16.6
5190	8.6	9.8	16.8
5193	13.7	12.38	18.2
5196	15.3	16.24833333	17.2
5199	15.3	16.32	15.8
5202	13.3	14.98166667	15.7
5205	13.5	13.59333333	13
5208	14	13.79666667	11.2
5211	13.8	14.02	10.1
5214	13.7	13.395	11.4
5217	15	14.18	14.7
5220	16.5	16.605	18.2
5223	17.9	18.84333333	17.5
5226	17	19.59333333	16.4
5229	15.4	17.79833333	13.4
5232	14.8	15.405	12.4
5235	13.9	14.61333333	10.3
5238	13.6	14.035	12.6
5241	13.9	14.78	16.9
5244	16.6	15.07666667	18.6
5247	15.9	18.55	18.5
5250	14.5	16.94166667	17.6
5253	12.3	15.26333333	14.7
5256	12.6	13.87166667	14.4
5259	11.7	12.74333333	14.1
5262	11.8	12.65333333	16.5
5265	13.1	13.64	18.9
5268	14.4	15.605	21
5271	15.9	17.07166667	19
5274	14.4	17.04333333	16.3
5277	13.1	15.90833333	13.6
5280	12.1	14.265	11.5
5283	11.9	13.76833333	10.8
5286	10	12.49666667	12.1
5289	14.4	13.71833333	15.2
5292	15.4	17.27833333	18
5295	15.9	19.02666667	17.1
5298	17.2	19.725	14.6
5301	13.3	17.67333333	11.7
5304	10.3	13.29166667	10.5
5307	7.1	11.35666667	10.2
5310	5.9	9.606666667	11
5313	14.4	11.93666667	13.7
5316	19.3	18.405	15.6
5319	20.7	21.67166667	16.1
5322	20.1	23.645	14.3
5325	14.3	20.97833333	10.3
5328	10.8	15.94333333	7.3
5331	10.9	15.025	5.8
5334	11.9	14.27833333	7
5337	13.5	15.14333333	15.4
5340	14.3	15.03833333	17.7
5343	15.1	16.90166667	17.8
5346	13.8	16.57833333	15
5349	10.7	15.78833333	13.1
5352	10.2	13.61333333	12
5355	8.7	12.34333333	11.7
5358	9.2	11.14333333	12.4
5361	12	12.88166667	15.1
5364	14	16.36	17.7
5367	14.7	17.085	18.7
5370	13.8	17.715	16
5373	12.7	15.82166667	13.3
5376	10	13.665	13.7
5379	8.6	11.14333333	13.1
5382	9	11.905	11
5385	15.3	12.33333333	15.6
5388	16.2	17.92666667	16.1
5391	17.3	19.12166667	14.5
5394	16.9	19.07166667	14
5397	14.2	16.95166667	11.5
5400	13.4	15.42166667	10.9
5403	13	14.54	9
5406	12.6	13.80833333	10.1
5409	14.8	14.83333333	14.6
5412	17.6	18.86	15.1
5415	16.1	20.85666667	12.5
5418	16.5	18.87333333	12.1
5421	15	17.95333333	15.6
5424	13.4	15.89666667	14.5
5427	12.2	15.55666667	11.3
5430	10.6	14.59	11.7
5433	16.9	15.07	14.1
5436	19.9	20.84333333	14.1
5439	21.3	23.725	15
5442	20.6	25.495	12.7
5445	15.3	22.37333333	10.3
5448	11.6	17.02	7.9
5451	13.6	15.09	8.6
5454	13.9	14.59833333	9.6
5457	15.1	14.97166667	11.2
5460	17.1	16.51833333	12
5463	17.7	18.60666667	11
5466	16.8	22.11	10.9
5469	14.3	18.00833333	9.2
5472	12.9	15.645	9
5475	13.1	13.90333333	8.5
5478	13.5	13.83166667	11.1
5481	15.8	14.90333333	13.7
5484	18.3	17.2	15.6
5487	18.9	19.63833333	15
5490	17.6	20.88333333	12.6
5493	16.4	18.18666667	11.8
5496	16.2	16.76833333	11
5499	14.8	15.39833333	10.4
5502	14.7	15.08833333	11.2
5505	16	15.02166667	14.7
5508	18.9	17.76333333	16.1
5511	18.4	19.925	16
5514	16.1	18	14.7
5517	14.4	16.48333333	14.5
5520	12.2	13.785	12.6
5523	12.5	12.34333333	10.5
5526	12.4	12.76	11.1
5529	14.3	13.70666667	14.7
5532	16.9	16.77166667	14
5535	16	19.5	14.2
5538	15.6	17.74333333	13
5541	14.2	16.03	12.5
5544	13.1	14.88166667	12.1
5547	12.7	13.53666667	11.6
5550	12.6	12.91	12.2
5553	13	13.25166667	14
5556	14.2	14.59166667	14.2
5559	13.9	16.44333333	15.4
5562	13.1	15.23166667	12.7
5565	12.7	14.13666667	11.5
5568	12.1	13.055	11
5571	11.7	12.42833333	12.6
5574	10.9	11.72666667	12.8
5577	13.2	12.795	15.4
5580	15.6	16.35666667	15.8
5583	15.6	17.74833333	14.2
5586	14.6	19.075	13
5589	10.4	16.125	10.7
5592	9.2	12.245	10.4
5595	6.9	9.841666667	8.1
5598	7.5	8.945	9.7
5601	12.3	9.275	12.7
5604	14.9	13.77333333	15.7
5607	15.5	16.54166667	12.3
5610	13.8	14.555	12.9
5613	12.2	13.97	9.5
5616	10.7	11.72666667	8.4
5619	11.4	11.35333333	8.4
5622	10.9	11.53	8.7
5625	12.4	12.42	13
5628	14.7	14.83333333	14.6
5631	16.8	17.425	13.6
5634	13.8	16.46333333	11.8
5637	12.1	13.59	9.8
5640	10.6	11.91833333	8
5643	10.5	10.92833333	7.6
5646	11.1	10.61333333	9
5649	13.2	11.52666667	13.1
5652	15.2	15.215	15.2
5655	13.4	16.19166667	15.6
5658	15.6	16.96833333	13.1
5661	12.6	14.71166667	9.4
5664	12.1	12.4	7.6
5667	11.1	12.11166667	5.6
5670	10.4	11.53666667	5.8
5673	12.9	11.83	14
5676	13.1	15.20333333	17.2
5679	16.8	17.05	16.8
5682	14.9	17.305	14.6
5685	13.5	14.25333333	14.3
5688	12.9	13.58833333	13.6
5691	12.5	12.73833333	14.1
5694	12.3	12.57166667	13.7
5697	13.8	13.33166667	16.2
5700	16.5	15.72666667	14.9
5703	16	18.35833333	15.3
5706	15.9	18.55833333	13
5709	13	16.77833333	12.6
5712	10.9	13.41833333	12.5
5715	9.5	12.33	12.6
5718	10.8	11.62	11.7
5721	13.1	13.06	12.1
5724	15.5	16.43	12.6
5727	16.2	18.98333333	12.9
5730	13.9	17.35666667	11.9
5733	12.8	14.87	9.8
5736	11.9	13.90833333	9.2
5739	11.3	12.84666667	9
5742	10.7	12.295	9.8
5745	12.8	12.04	12.4
5748	14.8	15.07833333	14.4
5751	15.1	15.57333333	16.5
5754	13.8	14.77166667	14.7
5757	11.6	12.795	13.4
5760	10.7	11.505	10.6
5763	10.6	11.08166667	8.7
5766	9.3	10.615	9.5
5769	12.8	11.73666667	13.6
5772	11.4	13.87166667	14
5775	13.4	15.26	14.6
5778	11.6	14.37666667	12.5
5781	10.1	12.19666667	9.4
5784	8.9	11.76	9.1
5787	9.2	10.11	9.1
5790	9.4	10.22	9.6
5793	11.1	10.79833333	13.1
5796	13	13.17833333	14
5799	12.3	13.83166667	13.9
5802	11	12.00166667	13
5805	9.9	11.755	11.3
5808	9.4	10.645	10.7
5811	8.7	9.691666667	9.9
5814	9.2	9.47	10.2
5817	10.2	10.1	13.7
5820	11.6	11.95	16
5823	13.3	13.67166667	14.5
5826	12.2	13.24666667	13.7
5829	11.6	12.145	13.5
5832	11.3	11.56333333	12.9
5835	11.1	11.285	11.7
5838	10.1	10.21666667	10.8
5841	11.8	11.13833333	13.1
5844	13.8	12.64833333	15.1
5847	14.1	14.04	16.3
5850	12.8	14.225	12.9
5853	11.5	12.84833333	11.7
5856	10.9	11.54833333	11
5859	10.3	10.785	9.8
5862	10	10.215	10.5
5865	11.4	10.475	15.8
5868	13.7	12.80833333	17
5871	14.6	14.5	18.6
5874	13	14.98333333	15.6
5877	9.4	12.13333333	13.4
5880	10.3	10.91333333	12.6
5883	9.8	10.64166667	11.6
5886	10.4	10.81833333	11.6
5889	12.1	11.72666667	13.7
5892	13.6	13.63333333	16.3
5895	14.6	15.77333333	16.7
5898	14.1	16.37	14.7
5901	12.1	13.69	13.1
5904	10.9	12.06166667	11.7
5907	10.2	11.56	11.2
5910	10.1	11.32666667	10.5
5913	11.6	11.85166667	10.7
5916	12.3	13.55833333	11.2
5919	13.4	15.25	12.1
5922	13	15.03833333	11
5925	11.8	13.76	10.1
5928	11.3	12.54166667	8.6
5931	11	11.80333333	7.5
5934	10.6	11.31333333	8.5
5937	13.3	11.33666667	12.6
5940	16.7	15.43	14.1
5943	18.7	19.47666667	13.9
5946	16.4	20.34	11.3
5949	11.4	14.51333333	8.7
5952	9.4	11.83666667	7
5955	7.8	10.24833333	5.9
5958	9.6	9.181666667	7.8
5961	14	11.07333333	12
5964	15.5	15.685	13.4
5967	16.1	16.72833333	13.5
5970	13.8	15.81	11.9
5973	11.3	12.775	10.2
5976	13.3	12.18166667	9.4
5979	13.1	13.335	9.2
5982	12	12.855	8.1
5985	15.1	12.95833333	12.1
5988	17.3	17.05833333	13.6
5991	18.2	18.15	13.8
5994	15.9	17.86333333	10.8
5997	14.3	15.27333333	8.8
6000	13.6	14.06166667	7.4
6003	12.5	13.665	5.7
6006	12.3	12.70666667	5.4
6009	14.1	13.135	12.1
6012	16	15.28333333	15.9
6015	14.7	16.145	16.8
6018	13.6	14.54666667	14
6021	14.1	13.73333333	12.4
6024	13	13.505	12.5
6027	12.7	13.47333333	12.1
6030	10.9	12.52833333	12.2
6033	11	11.485	14.6
6036	12.8	13.37666667	17.1
6039	13.8	15.04833333	16.9
6042	12	14.94833333	14.9
6045	10.2	12.22666667	13.4
6048	9.2	10.41333333	11.7
6051	7.8	9.753333333	10.5
6054	6.1	8.62	10.9
6057	12.2	9.12	11.6
6060	14.5	14.18333333	13
6063	13.3	14.725	13
6066	13.2	13.70333333	11
6069	12	12.84333333	10.2
6072	10.3	11.555	9
6075	10.9	10.81166667	8.8
6078	10.2	9.565	7.2
6081	12.1	10.40666667	12.6
6084	14	13.325	15.6
6087	13.6	14.77666667	16.2
6090	11.8	14.27666667	13.3
6093	11.4	12.52833333	9.6
6096	10.6	11.15166667	7
6099	10.1	10.52166667	8.1
6102	9.1	9.815	12.3
6105	12.3	10.57666667	16.8
6108	13.2	13.65333333	18.2
6111	14.9	15.26666667	17.7
6114	12.6	15.13	14.1
6117	8.7	12.19	12.9
6120	7.6	10.04166667	10.5
6123	4.1	8.121666667	8.4
6126	2.9	6.203333333	8
6129	6.7	6.365	12.7
6132	12.6	12.49333333	14.5
6135	15.6	14.92666667	14.1
6138	12.5	17.07	11.2
6141	8.8	14.77333333	9.1
6144	8.1	11.52166667	7.7
6147	9.5	10.71666667	6.8
6150	8.6	10.45666667	6.3
6153	11	10.73	13.2
6156	12.5	12.81	15.6
6159	14.3	14.575	14.4
6162	14.1	16.205	12.8
6165	12.3	13.97833333	12
6168	11.1	12.425	12.1
6171	10.8	11.855	14.5
6174	10.5	11.19	14.9
6177	12.5	11.63666667	17.8
6180	15	14.20833333	19.1
6183	16.6	16.32333333	17.2
6186	15.1	17.01	13.9
6189	11	13.965	12
6192	9.2	11.33	10.4
6195	9	10.70666667	8.8
6198	7.1	9.143333333	8.6
6201	10.2	9.336666667	13.2
6204	14.1	12.50666667	14.5
6207	15.4	16.015	15.5
6210	14.4	15.89333333	13.2
6213	12.8	13.98	13.7
6216	12.9	13.115	15.1
6219	12.4	12.61333333	15.5
6222	11.4	11.76166667	12.5
6225	13.5	11.79	14.7
6228	13.4	13.975	17
6231	13.8	13.70166667	14.2
6234	13.7	13.58333333	13.4
6237	13.7	13.46166667	13.2
6240	13.4	13.59666667	12.5
6243	9.8	11.42	13.2
6246	9.7	10.5	13.2
6249	10.9	10.55333333	15
6252	13.9	13.45833333	15.4
6255	11.4	14.715	13.8
6258	12.1	15.26	12.9
6261	9.6	11.75833333	11.9
6264	8.5	10.15	11.8
6267	8.1	9.386666667	11.4
6270	7	8.85	11
6273	9.9	8.876666667	11.2
6276	13.1	12.77833333	12.3
6279	13.3	14.61166667	13.2
6282	11.8	15.095	9.4
6285	7.7	11.96666667	6.4
6288	7.7	9.595	8.5
6291	8.5	9.14	10.5
6294	9.8	9.356666667	12.2
6297	12.8	10.58333333	16.3
6300	13.7	13.9	16.5
6303	15.4	15.71666667	18.6
6306	12.1	14.98666667	15.6
6309	9.6	11.79	14.9
6312	9.4	10.38166667	13
6315	8.4	8.815	12.3
6318	7.7	7.768333333	13.2
6321	10.4	8.156666667	17.3
6324	12.9	12.01666667	19
6327	12.8	14.40666667	19
6330	10	13.38	15.2
6333	9.2	10.68833333	13.5
6336	8.4	9.77	13.1
6339	8.7	8.231666667	13.2
6342	6.9	7.883333333	14.5
6345	9.4	7.968333333	15.1
6348	13.4	12.70833333	15.4
6351	13.2	13.93166667	14.8
6354	12.9	14.03	13.1
6357	11.5	12.87833333	11.2
6360	11.4	11.97166667	10.5
6363	11	11.87	11.2
6366	11	11.37	14
6369	13	11.435	14.5
6372	14.6	14.675	15.6
6375	15.9	16.325	15.3
6378	13.9	15.77833333	13.8
6381	9.9	12.75666667	13.5
6384	9.4	10.97166667	11.5
6387	8.4	9.703333333	10.7
6390	7.1	8.733333333	10.1
6393	13	8.175	11.3
6396	16.1	14.5	12.4
6399	16.2	17.06833333	13
6402	14.1	16.145	11.6
6405	9.6	13.35333333	11
6408	8.7	10.795	10.4
6411	7.6	8.898333333	9.6
6414	5.6	7.928333333	9.4
6417	12.7	8.41	12.4
6420	15.4	14.41333333	13.3
6423	17.5	16.86833333	13.2
6426	14.5	17.21333333	11.5
6429	10.9	13.33166667	9.5
6432	8.5	11.08166667	7.5
6435	8.1	9.621666667	5.7
6438	8.4	9.476666667	5.5
6441	12.9	9.715	12.5
6444	15.6	15.11833333	13.2
6447	17.6	17.85166667	12.6
6450	13.8	17.565	11.3
6453	10	12.905	10.6
6456	7.4	10.745	10.2
6459	4.4	8.703333333	9.5
6462	5.8	7.855	9
6465	10.2	8.083333333	9.9
6468	15.1	11.41666667	12.2
6471	16	14.51	12.5
6474	12.8	15.89666667	10.9
6477	9.4	12.36	9.9
6480	7.4	10.12	7.6
6483	4.2	8.791666667	6.3
6486	3.7	8.701666667	7
6489	6.9	7.25	10.5
6492	10.7	9.761666667	11.5
6495	17.2	14.35833333	10.9
6498	13.4	16.37333333	11.3
6501	7.6	12.61166667	11.9
6504	5.5	10.235	12
6507	5.4	8.94	11.9
6510	6.1	8.895	12.2
6513	7.7	8.07	13.9
6516	9.6	10.66833333	15.8
6519	11.8	12.92166667	14.1
6522	11	14.01666667	13
6525	9.8	12.34166667	12.7
6528	9.3	10.51833333	12.1
6531	8.7	10.33666667	12.1
6534	8.4	10.34166667	12
6537	9.1	10.03833333	12.1
6540	11.3	11.64833333	13.3
6543	11.2	13.70666667	14.2
6546	10.1	13.25333333	11.5
6549	9.1	10.86666667	11.6
6552	8.2	10.3	12.5
6555	6	9.886666667	11.1
6558	2.7	7.123333333	10.1
6561	6.1	5.59	11.1
6564	13.4	8.801666667	13.4
6567	13.2	14.16666667	11.6
6570	11.5	13.32833333	10.8
6573	10.4	10.925	8.9
6576	11.5	9.843333333	7.2
6579	11.9	10.245	7.3
6582	12.2	10.915	8.5
6585	11.6	11.18666667	11.5
6588	13.4	11.51	13.1
6591	13.9	13.63333333	12.6
6594	13.8	13.89833333	10.6
6597	15.1	13.38666667	10.7
6600	15	14.72166667	12.1
6603	14.9	14.39666667	8.3
6606	13.1	14.03833333	6.8
6609	14.1	13.01	9.6
6612	16.4	16.09666667	8.9
6615	17.6	17.99666667	9.2
6618	11.7	16.9	9.4
6621	10	10.765	8.1
6624	9.6	11.405	8.7
6627	9	10.89166667	7.4
6630	6.6	8.876666667	6.5
6633	8.4	8.18	9.4
6636	13	12.21666667	9
6639	13.6	15.10333333	9.7
6642	11.4	14.425	7.9
6645	8.7	11.545	6.4
6648	6.8	9.966666667	5.5
6651	3.7	8.188333333	5.3
6654	5.3	7.35	7
6657	8.5	7.281666667	9
6660	13	9.675	10.6
6663	15.1	14.81666667	13
6666	12.5	14.925	11.4
6669	9	11.65333333	8.7
6672	10.2	10.315	7
6675	10.6	10.31666667	5.4
6678	10.7	10.63666667	4.5
6681	13.5	10.86833333	8.9
6684	15.1	13.81166667	10.5
6687	15.4	15.78166667	9.9
6690	13.7	15.215	5.9
6693	11.8	13.36333333	5.5
6696	11.2	12.225	4.3
6699	10.2	11.41666667	2.5
6702	9.8	10.62833333	2.3
6705	11.4	10.3	8.9
6708	14.5	12.84166667	12.5
6711	14.2	15.185	10.7
6714	11.9	13.92333333	7
6717	10.5	11.56833333	5.7
6720	9.6	10.745	5.8
6723	7.9	9.796666667	6.8
6726	7.7	9.42	8.2
6729	8.1	9.158333333	9
6732	12.8	12.21333333	11.1
6735	13.8	15.42	11
6738	11.7	15.905	8
6741	7.2	12.26	7.6
6744	10.1	11.31	7.3
6747	7.9	9.871666667	8
6750	5.6	8.196666667	7.9
6753	7	6.785	8.2
6756	10.9	10.425	9
6759	12.2	12.55833333	9.6
6762	9.4	11.77	8.9
6765	5.6	8.603333333	7.9
6768	3.5	6.861666667	7.5
6771	2.3	6.163333333	7.5
6774	0.2	5.213333333	7.9
6777	2.3	4.738333333	8.5
6780	11.8	8.998333333	10.5
6783	13	12.855	10.4
6786	9.3	12.75	9.8
6789	7	9.628333333	7.2
6792	5.9	8.021666667	5.5
6795	4.1	6.346666667	6.7
6798	3.7	4.87	6.7
6801	6.1	4.063333333	10.1
6804	13	9.856666667	15.1
6807	13.3	12.45	15.3
6810	10.2	11.95666667	10.4
6813	9.7	10.49	7.3
6816	9	9.783333333	5
6819	7.8	9.111666667	4.4
6822	4.5	8.13	5
6825	7	6.841666667	8
6828	11.1	9.983333333	16.1
6831	11.1	12.65166667	15.1
6834	9.4	11.48833333	10.7
6837	6.5	9.538333333	9.6
6840	3.6	8.443333333	8
6843	1.6	6.16	8.5
6846	2.5	5.24	9.2
6849	5.7	5.416666667	10.6
6852	9.4	7.751666667	12.3
6855	11.6	11.88166667	12
6858	8.9	11.715	11.5
6861	5.5	9.765	11.2
6864	2.9	7.256666667	10.9
6867	1.4	6.035	11.6
6870	5.3	7.175	11
6873	8.6	7.616666667	11.7
6876	11.1	10.2	12.8
6879	11.1	12.42833333	12.6
6882	9.1	10.95833333	11.6
6885	8.7	9.488333333	11.8
6888	7.9	8.755	11.9
6891	7.5	8.306666667	12.1
6894	7.2	7.535	12.2
6897	7.3	7.456666667	13
6900	11.6	10.56833333	13.3
6903	10.9	12.27833333	13.8
6906	10.1	11.575	13.6
6909	9	10.31333333	12.7
6912	8.5	9.473333333	12.7
6915	8.3	9.073333333	13.1
6918	8	9.03	13.5
6921	8.9	9.295	14.2
6924	11.3	11.09333333	15.3
6927	11.3	12.75333333	15
6930	8.9	12.73166667	12.6
6933	6.7	9.955	11.2
6936	7.6	9.025	11.1
6939	7	7.888333333	8.2
6942	6.7	7.371666667	7.9
6945	7.7	6.795	12.7
6948	10.4	9.203333333	14.6
6951	11	10.85166667	14.1
6954	11.4	11.01666667	11
6957	11.3	10.50833333	10.8
6960	12.8	11.72166667	11.7
6963	13.5	12.77166667	12.2
6966	13.4	13.17833333	12.7
6969	13.5	13.17333333	13.9
6972	14.5	13.65666667	14.5
6975	13.9	14.47	14
6978	12.9	13.63166667	12.5
6981	12.6	12.67166667	12.6
6984	11	12.3	11.1
6987	10.5	10.865	8.6
6990	10.2	10.61	7.4
6993	10.7	10.09	8.6
6996	11.8	11.795	13.7
6999	11.9	12.44333333	13.9
7002	10.4	11.71833333	11.8
7005	9.9	10.77833333	11.8
7008	9.5	9.746666667	11.5
7011	9.4	9.24	11.2
7014	9.7	9.238333333	10.6
7017	10.6	8.948333333	12.7
7020	12.3	10.88166667	12.4
7023	13.1	12.83333333	11.2
7026	13.4	12.57833333	12.1
7029	12.6	12.46833333	11.6
7032	12.5	11.88	10.4
7035	8.8	11.775	10.1
7038	7.3	8.528333333	10.1
7041	6.7	8.351666667	12.1
7044	8.8	9.741666667	15
7047	10.1	10.37666667	13.4
7050	6.6	9.931666667	11.8
7053	5.8	7.133333333	11.8
7056	5.4	5.82	11.7
7059	5	4.658333333	12.2
7062	5.3	4.618333333	12.1
7065	7.6	5.431666667	13.5
7068	11.1	9.831666667	14.1
7071	10.8	10.63	13.4
7074	9.6	9.748333333	13.2
7077	9.8	9.596666667	13.7
7080	10	9.911666667	12.5
7083	10.4	10.1	11.5
7086	10.8	10.34833333	10.2
7089	11.9	11.24666667	13
7092	13.2	12.85666667	13.5
7095	12.2	12.64666667	12.9
7098	13.1	12.71	11.1
7101	13.8	13.45666667	9.9
7104	13.7	13.62166667	8.8
7107	13.6	13.47833333	8
7110	13.6	13.245	8.4
7113	12.7	12.73833333	9.4
7116	12.6	12.61166667	11.2
7119	11.3	12.075	11.2
7122	11.2	11.68833333	8.5
7125	10.3	10.8	7.6
7128	9.8	9.988333333	6.5
7131	7.2	8.776666667	4.7
7134	5.7	7.453333333	3.7
7137	6.6	7.221666667	7.5
7140	11.9	10.94166667	9
7143	12.6	13.05666667	7.6
7146	11	11.28	4
7149	10.6	10.03833333	1.5
7152	12.1	11.59666667	0.4
7155	11.3	11.40666667	0.2
7158	8.2	9.303333333	-0.7
7161	8.1	7.651666667	3.4
7164	11.4	10.46666667	7.6
7167	11.6	11.77333333	7
7170	9.1	9.861666667	3
7173	9.1	9.276666667	1.5
7176	9.5	9.581666667	0
7179	10.2	9.971666667	-0.7
7182	10.8	10.13166667	-1.1
7185	10.3	10.07833333	1.9
7188	12	11.08666667	6.8
7191	12.7	12.75	7.2
7194	13.6	13.38833333	3.3
7197	14.5	14.00666667	2.2
7200	15.1	14.755	1
7203	14.8	14.27833333	0.5
7206	14.3	13.66666667	1
7209	12.9	12.80833333	5.4
7212	13.5	13.76333333	8.9
7215	14	14.77166667	8.4
7218	10.1	13.05166667	4.2
7221	6.5	9.976666667	2.5
7224	5.1	7.746666667	0.6
7227	3.1	6.46	-1.8
7230	2.7	5.908333333	-2.6
7233	3.4	6.616666667	-2.2
7236	13.9	9.371666667	1.6
7239	12.4	12.24166667	2.5
7242	11.4	12.03333333	1.9
7245	10.9	11.04333333	1.9
7248	11.9	11.36666667	2.1
7251	10.9	11.57166667	2.3
7254	11	11.045	3.1
7257	11.7	11.16166667	5.5
7260	13	12.59	7.4
7263	14.3	13.72333333	8
7266	11.3	12.305	8.1
7269	9.1	10.21166667	7.7
7272	7.7	8.46	6.6
7275	7.4	8.021666667	6.7
7278	8.9	8.936666667	7
7281	9.3	9.086666667	8.9
7284	10.6	10.82833333	10.2
7287	11.5	11.865	8.9
7290	10.6	11.03	5.1
7293	8	9.983333333	4.9
7296	7.9	9.685	3.5
7299	8.3	8.973333333	2.6
7302	7.7	9.04	1.4
7305	8.2	8.908333333	4.2
7308	9.5	10.28666667	7.8
7311	10.8	11.43333333	8.4
7314	7.1	9.751666667	7
7317	4	7.768333333	7
7320	2.4	5.935	7.2
7323	5.8	6.065	7
7326	7.5	6.901666667	7.1
7329	10.8	8.035	7.8
7332	12.1	9.77	8.9
7335	13.1	12.96666667	9
7338	12.7	12.42833333	7.3
7341	12.5	11.99833333	6.5
7344	11.9	11.55333333	4.5
7347	11.9	11.37833333	3.9
7350	12	11.66166667	4.2
7353	12.6	11.96	5.4
7356	14.1	13.82	6.9
7359	13.2	14.49833333	7.3
7362	10.3	11.73	7.1
7365	9.1	8.736666667	7.3
7368	9.4	7.956666667	8.1
7371	9.7	8.953333333	8.2
7374	9.6	9.616666667	8.1
7377	9.6	9.498333333	8.4
7380	10.2	10.97833333	9.7
7383	10.6	11.53666667	10.8
7386	10.4	10.66	8.6
7389	9.2	9.318333333	8.4
7392	8.8	8.485	7.4
7395	8.2	7.95	7.2
7398	10.7	9.653333333	7.4
7401	12.1	11.31833333	8.6
7404	13.9	12.78333333	9.2
7407	10.1	10.50333333	9.1
7410	7.2	8.23	11.3
7413	6.7	6.761666667	12.9
7416	7.6	6.626666667	11.4
7419	9.4	8.283333333	8.3
7422	11.2	9.891666667	6.3
7425	11.9	11.77666667	6.8
7428	11.6	11.14833333	9
7431	15	13.56	7.5
7434	15.3	14.35166667	7.9
7437	14.8	14.42666667	8.9
7440	15.1	14.345	10.5
7443	14.8	14.335	11.7
7446	14.7	14.37666667	11
7449	14.6	14.32333333	11.6
7452	14.9	14.58833333	12.4
7455	14.6	14.655	11.2
7458	12.7	12.96	6.9
7461	12.2	12.35833333	5.4
7464	11.9	12.045	4.2
7467	11.3	11.73666667	4.7
7470	10.6	10.78166667	4.4
7473	11	10.70166667	6.7
7476	11.7	11.58166667	9.1
7479	12.1	12.49333333	8.1
7482	9.9	9.961666667	7.3
7485	9	8.913333333	7.1
7488	8	8.146666667	6.4
7491	7.7	7.345	6.1
7494	8.1	6.773333333	5.8
7497	10	8.806666667	7.1
7500	13.2	12.00833333	10.1
7503	10.7	11.09666667	9.2
7506	8.2	9.02	6.5
7509	6.7	6.56	4.7
7512	4.6	5.886666667	3.3
7515	4.7	4.551666667	2.5
7518	3.9	4.375	2.4
7521	3.6	3.041666667	4.5
7524	5.7	5.288333333	9
7527	7.1	6.835	8.6
7530	4.4	4.793333333	8.3
7533	4.2	4.056666667	5.9
7536	4.8	4.343333333	4.8
7539	5.4	4.621666667	5.7
7542	5.7	5.116666667	4.5
7545	6.3	5.505	6
7548	6.4	6.238333333	9
7551	7.7	6.983333333	9.2
7554	13.6	8.573333333	4.9
7557	13.9	12.76666667	3.9
7560	13.9	13.46666667	2.7
7563	13.9	13.45166667	2.1
7566	14.1	13.67666667	3.6
7569	14.1	13.71166667	6
7572	14.5	14.07333333	10.2
7575	14.5	14.03333333	9.4
7578	14.1	13.64333333	8.6
7581	14.1	13.50833333	7.8
7584	9.3	10.22666667	8.7
7587	6.5	7.573333333	8.9
7590	5.4	5.475	9.1
7593	5.7	4.941666667	10.6
7596	7.9	7.386666667	10.5
7599	7.8	7.74	9.8
7602	6.9	6.325	8.9
7605	5.6	5.336666667	8.6
7608	3.4	4.248333333	9.3
7611	2.7	3.555	10.4
7614	2.3	2.938333333	11.6
7617	4.5	3.84	11.6
7620	7.8	5.438333333	10.8
7623	11.1	10.305	10.3
7626	8.7	9.428333333	9.4
7629	7.1	7.306666667	8.5
7632	6.1	6.381666667	9.5
7635	8	6.44	10.2
7638	10	8.473333333	9.2
7641	11.1	10.15833333	9
7644	10.5	9.565	9.7
7647	9.9	9.815	8.8
7650	8.1	7.776666667	7.5
7653	8	7.818333333	6.8
7656	8.4	7.786666667	6.5
7659	7.7	7.226666667	6.4
7662	7.3	7.183333333	5.9
7665	7.5	7.433333333	5.9
7668	9.2	8.608333333	6.9
7671	7.5	8.661666667	6.5
7674	5.3	6.673333333	5.3
7677	4.1	5.353333333	5.7
7680	3.6	4.41	7.1
7683	3.5	3.625	3.6
7686	3.2	2.933333333	2.3
7689	4.2	3.085	2.8
7692	5.2	5.006666667	4.2
7695	3.9	4.71	3.2
7698	1.2	2.37	0.1
7701	1.9	1.928333333	-0.2
7704	4	3.543333333	-2.7
7707	4.2	4.478333333	-3.8
7710	2.9	2.98	-3.8
7713	1.8	2.048333333	-1.7
7716	4.4	4.611666667	4.3
7719	4.5	5.185	2.9
7722	3.8	4.216666667	1.6
7725	3.8	4.658333333	1.4
7728	2.1	4.046666667	0.6
7731	2.5	3.39	0.6
7734	3.9	4.836666667	0.6
7737	4.1	4.306666667	1.6
7740	6.7	6.721666667	6.3
7743	7.1	8.211666667	4.9
7746	3.5	5.675	1.7
7749	-0.3	3.81	0
7752	-1.5	2.623333333	-0.5
7755	-1.5	1.751666667	-1
7758	2.8	1.998333333	-0.4
7761	4.7	3.451666667	2.3
7764	6.3	5.801666667	7.1
7767	8.1	7.125	5.5
7770	9.8	8.386666667	1.6
7773	6.8	7.605	-0.4
7776	6.9	7.378333333	-1.9
7779	6.8	6.928333333	-3.2
7782	7.2	7.105	-3.8
7785	7.3	7.353333333	-3.1
7788	8	8.166666667	4.3
7791	8.4	8.801666667	4
7794	8.1	8.125	0.3
7797	8	8.24	-1.5
7800	8.5	8.346666667	-1.9
7803	9.1	8.801666667	-4.3
7806	9.1	8.885	-3.7
7809	9.5	9.035	-3.3
7812	10.1	9.75	-0.1
7815	9.7	9.931666667	1
7818	8.9	9.116666667	1
7821	9.4	9.481666667	1.2
7824	10.7	10.34166667	1.3
7827	10.2	10.25666667	1.2
7830	10.9	10.68666667	1.3
7833	10.7	10.93166667	1.2
7836	11.7	12.15166667	3.6
7839	12.3	12.37	4.1
7842	11.5	11.73	3.7
7845	11.1	11.37333333	3.2
7848	10.7	10.91666667	2.6
7851	10.1	10.23833333	2.6
7854	9.7	9.781666667	2.4
7857	10	9.696666667	4.8
7860	7	7.726666667	5.7
7863	4	5.068333333	5.6
7866	2.3	3.893333333	6.2
7869	1.8	2.75	6.4
7872	2.2	2.366666667	7.2
7875	3.1	2.47	8.5
7878	4.4	3.445	9.9
7881	5.7	5.286666667	9.9
7884	6.2	6.11	10.7
7887	7.3	7.151666667	8.2
7890	6.1	5.951666667	6.9
7893	5.9	5.858333333	5.7
7896	5.9	5.816666667	4.8
7899	6.6	5.916666667	4.9
7902	8.3	7.003333333	4.5
7905	9.2	8.293333333	4.4
7908	7.9	8.166666667	7
7911	6.1	6.733333333	9.1
7914	3.8	4.551666667	10.1
7917	3.9	3.923333333	9.6
7920	4.2	3.378333333	9.2
7923	4.6	4.046666667	9
7926	4	3.995	8.5
7929	4.9	3.928333333	8.2
7932	3.5	3.023333333	9.8
7935	3	3.636666667	9.1
7938	1.8	3.51	7.6
7941	1.1	2.613333333	7.2
7944	2.1	2.74	8.5
7947	4.4	3.371666667	10.8
7950	12.1	6.621666667	9.4
7953	12.5	11.19666667	8.4
7956	13.2	11.915	8.8
7959	13.1	12.065	7.4
7962	12.6	12.075	5.8
7965	11.7	11.25	4.8
7968	11.8	11.365	4.4
7971	12	11.34166667	5.8
7974	11.9	10.99833333	9
7977	11.6	11.11166667	11.1
7980	9.3	9.993333333	11.4
7983	7.9	9.248333333	12.5
7986	5.3	8.038333333	12.5
7989	6.6	6.943333333	12.2
7992	4.6	5.971666667	12.6
7995	4.1	5.265	13
7998	4	5.023333333	12
8001	3.9	4.471666667	9.1
8004	4.5	4.818333333	10.8
8007	4.1	4.678333333	10.1
8010	3.9	5.006666667	9.5
8013	3.2	4.103333333	9.8
8016	5.1	3.066666667	9.2
8019	5.8	4.53	8.4
8022	6.2	4.506666667	8
8025	7.6	6.595	7.5
8028	10.3	8.961666667	7.1
8031	11.6	10.78166667	5.4
8034	10.2	9.846666667	5.9
8037	10.2	9.878333333	12.9
8040	10.3	9.996666667	13.2
8043	10.6	10.28	11.3
8046	10.9	10.74166667	5.3
8049	11	10.82	5.5
8052	11.3	10.74166667	7.5
8055	11.6	11.225	5.6
8058	11.8	11.48666667	3.8
8061	12.2	11.86666667	2.1
8064	12.2	11.88166667	0.8
8067	12.3	11.67	0
8070	5.7	6.556666667	-0.1
8073	4.9	6.101666667	2.3
8076	6.4	6.658333333	5.1
8079	6	7.593333333	6.4
8082	4.1	5.265	7
8085	4.3	4.84	8
8088	5.8	5.255	7.8
8091	7.5	6.385	7.8
8094	10.9	9.081666667	8.3
8097	12.8	12.13166667	6.6
8100	13.2	12.39166667	4.3
8103	12.9	11.865	3.7
8106	10.1	10.56666667	2.9
8109	9.1	9.256666667	3.5
8112	7.7	7.731666667	4
8115	8	7.603333333	5
8118	5.5	6.263333333	4.4
8121	4.8	6.066666667	4.6
8124	3.8	4.166666667	4.2
8127	4.2	3.713333333	2.3
8130	5.6	4.001666667	1.7
8133	8.3	6.4	-0.1
8136	10.1	9.041666667	0.6
8139	11.2	9.573333333	3.6
8142	11	10.295	4.7
8145	10.8	9.84	2.9
8148	9.4	9.21	1.3
8151	8.5	8.32	0.3
8154	7.1	6.981666667	0.5
8157	6.4	5.991666667	2
8160	4.6	4.078333333	3.8
8163	5.6	4.846666667	6.4
8166	5.6	6.261666667	8.3
8169	4.8	5.076666667	8.6
8172	2.8	3.488333333	9.3
8175	2.7	3.043333333	9.7
8178	2.7	1.963333333	7
8181	2.6	1.523333333	5.6
8184	3.9	2.883333333	5
8187	4.8	3.891666667	5.6
8190	7.3	6.683333333	5.4
8193	5.5	6.041666667	3
8196	3.8	4.523333333	1.4
8199	4.1	3.568333333	0.1
8202	3.8	3.936666667	1.1
8205	3.2	3.728333333	2.5
8208	0.5	0.803333333	5.3
8211	0.8	0.95	8
8214	2.2	1.691666667	7.9
8217	1.9	2.185	8
8220	1.3	2.163333333	6.4
8223	-0.5	2.135	6
8226	-2	1.06	4.4
8229	-2.6	0.328333333	3
8232	-0.9	-0.21	2.9
8235	2	1.346666667	4.7
8238	3.4	2.013333333	3
8241	6.2	3.695	0.4
8244	9	6.138333333	-0.1
8247	8.9	8.056666667	0.2
8250	7.5	7.235	-0.8
8253	7.8	7.425	-0.2
8256	8	7.388333333	-0.3
8259	10	9.071666667	0.4
8262	9.8	9.185	0.8
8265	9.1	9.046666667	3.3
8268	9	8.573333333	6.6
8271	9.5	8.853333333	8
8274	8.1	8.428333333	9.7
8277	10.4	9.141666667	5.4
8280	10.3	9.458333333	4.2
8283	11.1	10.275	5
8286	10.6	10.165	4.2
8289	11.1	10.36	1.8
8292	12.5	11.37666667	0.9
8295	11.9	11.82666667	0.2
8298	11.8	11.56666667	0.8
8301	12	11.69	0.7
8304	11.1	10.82833333	2.3
8307	11.9	11.59	3.3
8310	13.3	11.61166667	3.3
8313	13.3	12.365	3.3
8316	13.4	12.23333333	3
8319	14.1	13.14166667	3.7
8322	13.4	13.25166667	6.9
8325	13.5	12.41833333	6
8328	11.5	11.05833333	7.4
8331	12.3	11.755	7.1
8334	12.4	12.02666667	7
8337	12.1	11.26	9
8340	11.8	10.85666667	6.3
8343	11.3	10.955	4.4
8346	10.7	10.20166667	2.9
8349	11.2	10.08333333	3
8352	11.6	10.45833333	3.5
8355	12.6	11.34	6
8358	12.9	12.19833333	1.2
8361	13.2	12.03	0.3
8364	13.8	12.54166667	1.2
8367	14.4	13.34333333	2.5
8370	15	13.64666667	2.2
8373	14.1	13.34833333	1.1
8376	13.2	12.62333333	2
8379	14.1	13.12166667	2.6
8382	12.3	12.09333333	2.7
8385	11.4	10.75833333	3.7
8388	10.1	9.881666667	3.5
8391	9.4	8.553333333	2.6
8394	8.2	8.185	2.5
8397	8	7.073333333	1.5
8400	7.8	7.148333333	2.2
8403	9.1	7.728333333	3.1
8406	8.9	8.435	2
8409	7.7	7.39	1.6
8412	7.2	7.026666667	0.5
8415	5.5	5.523333333	0.1
8418	5	5.148333333	-0.1
8421	5.9	4.748333333	2
8424	7.7	5.833333333	2.4
8427	9.4	8.018333333	4.9
8430	9.2	9.053333333	3.5
8433	8.7	7.866666667	2
8436	8.1	7.328333333	1.5
8439	9.3	7.586666667	1.1
8442	13.3	10.88333333	0.3
8445	10.2	10.85	1.1
8448	9.8	9.31	1.3
8451	8.9	8.383333333	4.3
8454	8.5	8.346666667	3
8457	6.6	6.781666667	2.6
8460	6.5	5.636666667	2.8
8463	5	5.348333333	2
8466	4.8	4.531666667	3.1
8469	4.7	4.366666667	3.6
8472	4	4.16	4.1
8475	6.4	5.646666667	4.1
8478	8.1	7.098333333	4.2
8481	10.1	8.301666667	3.8
8484	11	9.785	2.8
8487	6.7	8.028333333	4
8490	7	6.461666667	4.5
8493	7.1	6.256666667	5.2
8496	5.6	4.993333333	6
8499	4.4	4.578333333	7.6
8502	3.9	4.1	8.5
8505	3.1	3.405	9
8508	2.9	2.46	9.1
8511	2.7	2.188333333	10.3
8514	2.2	1.915	7.4
8517	3.2	1.386666667	6.1
8520	2.3	2.003333333	4.3
8523	3.2	2.425	6.3
8526	3.1	2.535	5.1
8529	3.8	2.88	3.6
8532	4.5	3.668333333	3.1
8535	4.7	3.856666667	3.5
8538	4.8	4.033333333	3.5
8541	4.8	4.191666667	3.7
8544	4.7	4.515	4.2
8547	4.8	5.466666667	4.3
8550	4.8	5.72	3
8553	4.8	5.375	2.3
8556	5.4	5.358333333	2.8
8559	3.8	4.678333333	2.5
8562	3.1	3.221666667	2.5
8565	3.1	3.198333333	3.7
8568	1.8	2.833333333	5
8571	5.9	3.736666667	6
8574	7.5	6.321666667	6.3
8577	10.3	7.696666667	6.2
8580	12.6	10.52333333	6.2
8583	12.4	11.13166667	6.4
8586	11.7	11.27	8.4
8589	11.2	10.76666667	9.3
8592	12.3	11.20333333	9.8
8595	12.5	11.82833333	11
8598	12.5	11.815	11
8601	10.7	10.38	10.3
8604	8.3	9.518333333	10.5
8607	6.4	8.163333333	10.4
8610	7.5	6.781666667	10.1
8613	8.4	7.681666667	9.2
8616	6.6	6.356666667	9.2
8619	7.4	6.723333333	9.9
8622	8.6	8.001666667	10.7
8625	10.7	9.23	10.5
8628	12.4	10.665	9.8
8631	13.3	12.21166667	9.2
8634	9.2	9.293333333	8.1
8637	9.5	8.995	8.8
8640	9.3	8.51	10.1
8643	9.1	8.348333333	7.9
8646	5.8	5.95	7
8649	4.4	5.066666667	5.7
8652	3.8	4.266666667	7
8655	4.4	3.97	8.2
8658	4.2	4.576666667	6.5
8661	4.2	4.605	6
8664	1.9	2.283333333	5.8
8667	5.6	4.385	8.6
8670	3.9	4.366666667	6.1
8673	3	3.105	5.8
8676	1.7	1.45	5.9